Fitts Law Experiment
Subject T: BcaD
FOV: 87.95473
Width: 1920
Height: 1080
XRHieght: 1600
XRWidth: 1344
Target# Filter? Time Touch Pos Touch Rot Head Pos Head Rot xfilter yfilter zfilter
-1 1 2.09129 (-0.0098, 29.7100, -4.5411) (0.1265, 0.0036, 0.0389, -0.9912) (-0.0423, 30.0265, -4.5882) (0.0576, -0.0178, 0.0288, 0.9978) 0.3690808 24.90894 96.79486
0 1 2.947415 (0.0502, 29.7035, -4.5500) (0.1538, -0.0956, -0.0059, -0.9835) (-0.0337, 30.0232, -4.5901) (0.0612, 0.0235, 0.0291, 0.9974) 18.55392 30.33864 93.44296
1 1 3.803324 (-0.0030, 29.7056, -4.5774) (0.1530, 0.0869, -0.0053, -0.9844) (-0.0365, 30.0239, -4.6022) (0.0602, -0.0142, 0.0316, 0.9976) -17.1377 29.63686 93.80721
2 1 4.514664 (0.0395, 29.7309, -4.5630) (0.2274, -0.0661, 0.0015, -0.9715) (-0.0373, 30.0240, -4.5949) (0.0627, 0.0067, 0.0264, 0.9977) 12.53114 43.97699 88.78027
3 1 5.270298 (-0.0016, 29.6964, -4.5688) (0.0953, 0.0620, -0.0437, -0.9926) (-0.0417, 30.0236, -4.6018) (0.0659, -0.0026, 0.0299, 0.9974) -12.90338 18.22583 97.41737
4 1 5.970565 (0.0053, 29.7339, -4.5969) (0.2510, -0.0133, -0.0375, -0.9672) (-0.0440, 30.0247, -4.6086) (0.0601, -0.0042, 0.0298, 0.9977) 0.5283732 48.12323 87.36901
5 1 6.903985 (0.0194, 29.6734, -4.5697) (0.0500, -0.0073, -0.0863, -0.9950) (-0.0440, 30.0237, -4.6002) (0.0708, -0.0006, 0.0284, 0.9971) 0.6576016 10.78305 99.48882
6 1 7.659689 (-0.0117, 29.7277, -4.5872) (0.2266, 0.0370, -0.0767, -0.9703) (-0.0483, 30.0245, -4.6024) (0.0675, -0.0083, 0.0289, 0.9973) -10.81758 43.30317 89.45926
7 1 8.459567 (0.0370, 29.6507, -4.5489) (0.0767, -0.0783, -0.1464, -0.9831) (-0.0473, 30.0235, -4.5964) (0.0740, 0.0040, 0.0247, 0.9969) 12.62752 17.65943 97.59679
8 1 9.193242 (-0.0253, 29.6899, -4.5625) (0.1669, 0.0739, -0.1109, -0.9769) (-0.0500, 30.0233, -4.5925) (0.0736, -0.0108, 0.0289, 0.9968) -17.34738 31.06324 93.33839
9 1 9.904391 (0.0586, 29.6911, -4.5398) (0.1515, -0.1191, -0.1423, -0.9709) (-0.0486, 30.0233, -4.5914) (0.0752, 0.0046, 0.0268, 0.9968) 18.51535 32.9916 92.57375
10 1 10.71551 (0.0028, 29.6715, -4.5668) (0.0925, 0.0634, -0.1492, -0.9824) (-0.0506, 30.0237, -4.5996) (0.0743, -0.0021, 0.0295, 0.9968) -14.60405 16.31346 97.48619
11 1 11.37117 (0.0325, 29.7115, -4.5782) (0.2225, -0.0965, -0.1287, -0.9616) (-0.0494, 30.0244, -4.6038) (0.0673, -0.0014, 0.0271, 0.9974) 12.45754 44.89123 88.23173
12 1 12.10485 (0.0288, 29.6554, -4.5604) (0.0550, -0.0121, -0.1703, -0.9838) (-0.0480, 30.0234, -4.5970) (0.0751, 0.0005, 0.0253, 0.9969) 0.3564263 11.2587 99.36573
13 1 12.8598 (0.0153, 29.7001, -4.5707) (0.2460, -0.0497, -0.2133, -0.9442) (-0.0493, 30.0259, -4.5932) (0.0576, -0.0018, 0.0250, 0.9980) -0.478277 48.8115 87.39855
14 1 13.57158 (0.0469, 29.6593, -4.5388) (0.0750, -0.0862, -0.1945, -0.9742) (-0.0467, 30.0239, -4.5858) (0.0725, 0.0073, 0.0221, 0.9971) 13.84246 17.19937 97.3859
15 1 14.27123 (-0.0006, 29.6932, -4.5609) (0.2352, 0.0302, -0.1732, -0.9559) (-0.0483, 30.0240, -4.5850) (0.0691, -0.0023, 0.0241, 0.9973) -13.81262 43.68496 88.75506
0 1 15.00459 (0.0629, 29.6761, -4.5409) (0.1292, -0.1210, -0.1597, -0.9712) (-0.0431, 30.0240, -4.5855) (0.0716, 0.0049, 0.0183, 0.9973) 19.36258 28.96397 93.73252
1 1 15.72711 (0.0009, 29.6767, -4.5616) (0.1752, 0.0658, -0.1642, -0.9685) (-0.0481, 30.0238, -4.5911) (0.0713, -0.0067, 0.0243, 0.9971) -18.23778 31.62197 92.99633
2 1 16.49349 (0.0401, 29.6927, -4.5588) (0.2129, -0.0949, -0.1497, -0.9609) (-0.0450, 30.0242, -4.5914) (0.0708, -0.0027, 0.0219, 0.9972) 12.15917 44.30735 89.13911
3 1 17.21593 (0.0080, 29.6614, -4.5476) (0.0932, 0.0531, -0.1884, -0.9762) (-0.0480, 30.0235, -4.5872) (0.0749, -0.0049, 0.0241, 0.9969) -13.47057 16.33685 97.69807
4 1 17.84917 (0.0241, 29.7054, -4.5642) (0.2522, -0.0473, -0.1519, -0.9545) (-0.0484, 30.0245, -4.5924) (0.0681, -0.0037, 0.0247, 0.9974) 1.202425 49.64204 86.82719
5 1 18.51575 (0.0466, 29.6526, -4.5507) (0.0594, -0.0131, -0.2109, -0.9756) (-0.0446, 30.0237, -4.5903) (0.0724, 0.0013, 0.0211, 0.9972) 0.1626019 12.68239 99.25961
6 1 19.1604 (0.0206, 29.6959, -4.5688) (0.2291, 0.0242, -0.1631, -0.9593) (-0.0483, 30.0244, -4.5923) (0.0678, -0.0077, 0.0244, 0.9974) -11.58463 43.12283 89.383
7 1 19.8272 (0.0597, 29.6577, -4.5383) (0.0775, -0.0823, -0.2098, -0.9712) (-0.0469, 30.0248, -4.5881) (0.0640, -0.0015, 0.0218, 0.9977) 12.55963 18.60078 97.4425
8 1 20.63834 (0.0083, 29.6839, -4.5640) (0.1747, 0.0745, -0.1585, -0.9689) (-0.0497, 30.0244, -4.5913) (0.0659, -0.0065, 0.0244, 0.9975) -19.5024 31.49434 92.78695
9 1 21.28283 (0.0591, 29.6840, -4.5523) (0.1352, -0.1190, -0.2042, -0.9622) (-0.0482, 30.0244, -4.5931) (0.0674, 0.0003, 0.0248, 0.9974) 17.24653 31.31188 93.51212
10 1 21.93844 (0.0164, 29.6612, -4.5502) (0.1029, 0.0477, -0.2105, -0.9710) (-0.0471, 30.0235, -4.5864) (0.0726, -0.0049, 0.0252, 0.9970) -12.845 17.5713 97.4272
11 1 22.51623 (0.0396, 29.6986, -4.5473) (0.2212, -0.1050, -0.1781, -0.9531) (-0.0496, 30.0236, -4.5820) (0.0709, -0.0049, 0.0267, 0.9971) 12.13103 46.27666 88.01136
12 1 23.18297 (0.0389, 29.6447, -4.5310) (0.0537, -0.0144, -0.2084, -0.9765) (-0.0472, 30.0223, -4.5714) (0.0783, 0.0003, 0.0242, 0.9966) 1.274753 11.23941 99.38181
13 1 23.83837 (0.0284, 29.6901, -4.5410) (0.2440, -0.0428, -0.1760, -0.9527) (-0.0504, 30.0227, -4.5704) (0.0762, -0.0021, 0.0261, 0.9968) -0.2278753 47.79418 87.72643
14 1 24.41631 (0.0560, 29.6448, -4.5400) (0.0625, -0.0875, -0.2030, -0.9733) (-0.0474, 30.0229, -4.5794) (0.0755, 0.0031, 0.0233, 0.9969) 14.50629 15.70809 97.68793
15 1 25.08306 (0.0142, 29.6856, -4.5770) (0.2300, 0.0146, -0.1878, -0.9548) (-0.0496, 30.0249, -4.5908) (0.0659, -0.0075, 0.0241, 0.9975) -10.6081 43.75609 89.37297
0 1 25.77218 (0.0576, 29.6728, -4.5676) (0.1372, -0.1237, -0.1904, -0.9642) (-0.0482, 30.0246, -4.5946) (0.0701, 0.0014, 0.0213, 0.9973) 18.72078 31.28633 93.1731
1 1 26.54973 (0.0066, 29.6807, -4.5820) (0.1706, 0.0707, -0.1509, -0.9711) (-0.0512, 30.0239, -4.5950) (0.0735, -0.0103, 0.0259, 0.9969) -18.76105 30.44849 93.17817
2 1 27.31639 (0.0441, 29.6960, -4.5797) (0.2194, -0.1034, -0.1602, -0.9568) (-0.0504, 30.0247, -4.5975) (0.0678, -0.0033, 0.0240, 0.9974) 12.48915 45.56825 88.23485
3 1 28.06088 (0.0205, 29.6650, -4.5817) (0.1044, 0.0482, -0.1825, -0.9765) (-0.0487, 30.0239, -4.5971) (0.0731, -0.0077, 0.0239, 0.9970) -13.223 17.65145 97.35556
4 1 28.9278 (0.0269, 29.7086, -4.5859) (0.2527, -0.0395, -0.1640, -0.9527) (-0.0516, 30.0246, -4.5964) (0.0673, -0.0082, 0.0248, 0.9974) -0.6654086 50.02217 86.91167
5 1 29.71652 (0.0412, 29.6408, -4.5684) (0.0450, -0.0056, -0.2024, -0.9783) (-0.0485, 30.0232, -4.5922) (0.0769, 0.0005, 0.0208, 0.9968) -0.3963495 9.25561 99.5879
6 1 30.51608 (0.0154, 29.6931, -4.5811) (0.2402, 0.0351, -0.1641, -0.9561) (-0.0516, 30.0243, -4.5925) (0.0682, -0.0097, 0.0263, 0.9973) -14.01671 44.54699 88.21443
7 1 31.28342 (0.0548, 29.6512, -4.5456) (0.0600, -0.0884, -0.2320, -0.9668) (-0.0480, 30.0232, -4.5863) (0.0769, 0.0039, 0.0207, 0.9968) 14.28018 16.17579 97.71677
8 1 32.09463 (0.0026, 29.6759, -4.5626) (0.1896, 0.0619, -0.2277, -0.9531) (-0.0502, 30.0228, -4.5842) (0.0792, -0.0038, 0.0214, 0.9966) -20.46271 32.47337 92.04752
9 1 32.83899 (0.0612, 29.6721, -4.5377) (0.1237, -0.1365, -0.2696, -0.9452) (-0.0490, 30.0229, -4.5792) (0.0784, 0.0080, 0.0194, 0.9967) 19.34307 30.78609 93.20983
10 1 33.55017 (0.0081, 29.6602, -4.5545) (0.1034, 0.0459, -0.2428, -0.9635) (-0.0530, 30.0228, -4.5835) (0.0775, -0.0032, 0.0240, 0.9967) -13.76867 16.72977 97.44022
11 1 34.20573 (0.0490, 29.7005, -4.5702) (0.2140, -0.1177, -0.2193, -0.9446) (-0.0515, 30.0242, -4.5938) (0.0691, 0.0025, 0.0225, 0.9974) 12.73485 45.55664 88.06863
12 1 34.9391 (0.0404, 29.6545, -4.5677) (0.0528, -0.0128, -0.2605, -0.9639) (-0.0503, 30.0230, -4.5936) (0.0749, 0.0020, 0.0228, 0.9969) 0.1056793 11.17448 99.40878
13 1 35.76128 (0.0338, 29.7058, -4.5763) (0.2491, -0.0533, -0.2144, -0.9429) (-0.0501, 30.0242, -4.5906) (0.0676, -0.0045, 0.0228, 0.9974) -0.2537863 49.60969 87.01733
14 1 36.42805 (0.0610, 29.6604, -4.5458) (0.0733, -0.1020, -0.2432, -0.9618) (-0.0479, 30.0230, -4.5838) (0.0748, 0.0041, 0.0191, 0.9970) 15.32388 18.6868 96.84293
15 1 37.18376 (0.0214, 29.7004, -4.5742) (0.2464, 0.0345, -0.1637, -0.9546) (-0.0506, 30.0235, -4.5880) (0.0683, -0.0049, 0.0228, 0.9974) -14.20668 45.58915 87.61712
0 1 37.89462 (0.0751, 29.6811, -4.5601) (0.1327, -0.1306, -0.2065, -0.9606) (-0.0469, 30.0234, -4.5897) (0.0725, 0.0000, 0.0193, 0.9972) 19.97109 31.05918 93.06708
1 1 38.69468 (0.0171, 29.6839, -4.5712) (0.1784, 0.0726, -0.1872, -0.9632) (-0.0527, 30.0234, -4.5870) (0.0719, -0.0070, 0.0238, 0.9971) -20.30463 31.79475 92.57867
2 1 39.42816 (0.0536, 29.7010, -4.5696) (0.2100, -0.1095, -0.1913, -0.9525) (-0.0506, 30.0241, -4.5890) (0.0690, -0.0006, 0.0210, 0.9974) 13.09553 44.66961 88.77681
3 1 40.22828 (0.0268, 29.6740, -4.5750) (0.0973, 0.0609, -0.1960, -0.9739) (-0.0500, 30.0232, -4.5913) (0.0747, -0.0028, 0.0225, 0.9969) -15.32214 16.77257 97.36458
4 0 40.85104 (0.0383, 29.7154, -4.5891) (0.2633, -0.0467, -0.1580, -0.9506) (-0.0508, 30.0244, -4.5940) (0.0662, -0.0042, 0.0215, 0.9976) 0.5625062 51.52709 85.70089
5 0 41.58413 (0.0465, 29.6639, -4.5656) (0.0561, -0.0144, -0.1762, -0.9826) (-0.0487, 30.0233, -4.5922) (0.0732, 0.0010, 0.0183, 0.9971) 0.8558778 11.52777 99.32964
6 0 42.17294 (0.0244, 29.7069, -4.5903) (0.2300, 0.0295, -0.1527, -0.9607) (-0.0524, 30.0247, -4.5962) (0.0660, -0.0030, 0.0216, 0.9976) -12.69154 43.2927 89.24498
7 0 42.81734 (0.0636, 29.6690, -4.5638) (0.0733, -0.0905, -0.2006, -0.9727) (-0.0487, 30.0237, -4.5918) (0.0726, 0.0077, 0.0173, 0.9972) 14.65814 17.88164 97.29021
8 0 43.48367 (0.0120, 29.6916, -4.5776) (0.1751, 0.0823, -0.1593, -0.9681) (-0.0520, 30.0240, -4.5898) (0.0696, -0.0051, 0.0209, 0.9973) -21.50725 31.27791 92.51557
9 0 44.08383 (0.0599, 29.6891, -4.5586) (0.1308, -0.1259, -0.1914, -0.9646) (-0.0500, 30.0237, -4.5875) (0.0717, 0.0049, 0.0178, 0.9973) 19.28683 30.04934 93.408
10 0 44.65062 (0.0215, 29.6727, -4.5647) (0.0994, 0.0536, -0.1995, -0.9734) (-0.0519, 30.0231, -4.5868) (0.0765, 0.0011, 0.0210, 0.9969) -14.39211 17.20921 97.45107
11 0 45.33931 (0.0452, 29.7087, -4.5785) (0.2227, -0.1146, -0.1650, -0.9540) (-0.0546, 30.0235, -4.5909) (0.0725, 0.0013, 0.0227, 0.9971) 14.52335 46.27216 87.45261
12 0 46.05063 (0.0309, 29.6618, -4.5710) (0.0507, -0.0145, -0.2022, -0.9779) (-0.0526, 30.0237, -4.5920) (0.0687, 0.0000, 0.0221, 0.9974) 0.7776983 10.50578 99.44357
13 0 46.784 (0.0324, 29.7116, -4.5908) (0.2635, -0.0561, -0.1663, -0.9485) (-0.0531, 30.0245, -4.5935) (0.0653, -0.0014, 0.0225, 0.9976) 1.88439 51.86396 85.47853
14 0 47.3505 (0.0592, 29.6584, -4.5619) (0.0492, -0.0822, -0.2106, -0.9729) (-0.0500, 30.0239, -4.5907) (0.0713, 0.0075, 0.0181, 0.9973) 13.92146 13.03575 98.16447
15 0 47.97339 (0.0179, 29.7042, -4.5850) (0.2286, 0.0253, -0.1662, -0.9589) (-0.0526, 30.0245, -4.5928) (0.0660, -0.0038, 0.0213, 0.9976) -12.45242 42.99726 89.42133
0 0 48.49543 (0.0605, 29.6846, -4.5666) (0.1486, -0.1175, -0.2000, -0.9613) (-0.0512, 30.0241, -4.5915) (0.0685, 0.0021, 0.0195, 0.9975) 16.64047 33.27417 92.82201
1 0 49.17341 (0.0029, 29.6875, -4.5776) (0.1775, 0.0676, -0.1745, -0.9662) (-0.0546, 30.0239, -4.5908) (0.0693, -0.0094, 0.0237, 0.9973) -19.25685 31.94313 92.78368
2 0 49.77322 (0.0463, 29.7129, -4.5756) (0.2283, -0.1107, -0.1704, -0.9522) (-0.0544, 30.0244, -4.5917) (0.0678, 0.0018, 0.0219, 0.9975) 13.2917 47.25023 87.12489
3 0 50.39548 (0.0128, 29.6723, -4.5734) (0.0966, 0.0600, -0.2008, -0.9730) (-0.0549, 30.0234, -4.5916) (0.0722, -0.0041, 0.0237, 0.9971) -15.54823 16.3839 97.41571
4 0 51.0846 (0.0378, 29.7298, -4.5675) (0.2537, -0.0344, -0.1690, -0.9518) (-0.0497, 30.0292, -4.5938) (0.0542, -0.0030, 0.0164, 0.9984) -2.021766 49.45193 86.89315
5 0 51.97355 (0.0584, 29.6330, -4.5476) (0.0512, -0.0051, -0.1907, -0.9803) (-0.0403, 30.0270, -4.5877) (0.0591, 0.0037, 0.0175, 0.9981) -0.9489149 10.24266 99.46953
6 0 52.55135 (0.0328, 29.6994, -4.5637) (0.2286, 0.0230, -0.1575, -0.9604) (-0.0429, 30.0270, -4.5895) (0.0563, -0.0053, 0.0202, 0.9982) -11.61908 43.19439 89.43848
7 0 53.18548 (0.0865, 29.6585, -4.5297) (0.0724, -0.0870, -0.2031, -0.9726) (-0.0378, 30.0251, -4.5803) (0.0724, 0.0050, 0.0208, 0.9971) 13.98004 17.61742 97.43811
8 0 53.81791 (0.0307, 29.6815, -4.5319) (0.1684, 0.0630, -0.1744, -0.9681) (-0.0384, 30.0264, -4.5764) (0.0677, -0.0055, 0.0166, 0.9976) -18.07224 30.40198 93.5367
9 0 54.36271 (0.0945, 29.6864, -4.5236) (0.1450, -0.1222, -0.2335, -0.9537) (-0.0358, 30.0269, -4.5772) (0.0643, 0.0079, 0.0168, 0.9978) 16.54849 33.35686 92.80877
10 0 54.97374 (0.0437, 29.6760, -4.5558) (0.1054, 0.0435, -0.2264, -0.9673) (-0.0370, 30.0282, -4.5909) (0.0572, 0.0011, 0.0237, 0.9981) -13.17838 18.42414 97.40062
11 0 55.5182 (0.0902, 29.7208, -4.5705) (0.2135, -0.1064, -0.2080, -0.9486) (-0.0332, 30.0296, -4.5983) (0.0516, 0.0071, 0.0197, 0.9984) 11.30699 44.92764 88.62087
12 0 56.07376 (0.0754, 29.6672, -4.5609) (0.0560, -0.0207, -0.2392, -0.9691) (-0.0320, 30.0288, -4.5962) (0.0547, 0.0021, 0.0169, 0.9984) 1.333207 11.84988 99.28647
13 0 56.62924 (0.0669, 29.7239, -4.5713) (0.2609, -0.0497, -0.2065, -0.9417) (-0.0321, 30.0295, -4.5912) (0.0522, 0.0020, 0.0171, 0.9985) -1.411096 51.19678 85.88888
14 0 57.20703 (0.0898, 29.6624, -4.5463) (0.0623, -0.0890, -0.2432, -0.9639) (-0.0352, 30.0285, -4.5899) (0.0581, -0.0013, 0.0166, 0.9982) 14.13451 16.33195 97.63956
15 0 57.82937 (0.0348, 29.7134, -4.5645) (0.2368, 0.0292, -0.1770, -0.9549) (-0.0406, 30.0290, -4.5874) (0.0576, -0.0105, 0.0159, 0.9982) -13.95158 44.18422 88.61777
0 0 58.38486 (0.0964, 29.6911, -4.5469) (0.1294, -0.1394, -0.2269, -0.9552) (-0.0370, 30.0295, -4.5875) (0.0561, 0.0071, 0.0103, 0.9983) 20.76048 31.04369 92.76471
1 0 58.97373 (0.0276, 29.6955, -4.5612) (0.1765, 0.0738, -0.1954, -0.9619) (-0.0365, 30.0289, -4.5853) (0.0582, -0.0033, 0.0116, 0.9982) -21.09404 31.07714 92.67822
2 0 59.55169 (0.0701, 29.7193, -4.5520) (0.2157, -0.1105, -0.2051, -0.9483) (-0.0393, 30.0289, -4.5835) (0.0579, 0.0027, 0.0134, 0.9982) 12.11493 45.43612 88.2541
3 0 60.19624 (0.0397, 29.6765, -4.5564) (0.0889, 0.0567, -0.2226, -0.9692) (-0.0351, 30.0284, -4.5854) (0.0584, -0.0027, 0.0081, 0.9983) -14.94204 14.71517 97.77627
4 0 60.79619 (0.0571, 29.7302, -4.5759) (0.2626, -0.0530, -0.1851, -0.9455) (-0.0362, 30.0300, -4.5919) (0.0516, -0.0012, 0.0105, 0.9986) 0.2973378 51.61109 85.65166
5 0 61.39619 (0.0652, 29.6517, -4.5477) (0.0541, -0.0177, -0.2259, -0.9725) (-0.0371, 30.0287, -4.5867) (0.0585, 0.0011, 0.0105, 0.9982) 0.9990083 11.32613 99.3515
6 0 62.0074 (0.0303, 29.7183, -4.5680) (0.2376, 0.0283, -0.1830, -0.9536) (-0.0409, 30.0300, -4.5900) (0.0498, -0.0056, 0.0120, 0.9987) -14.08472 44.27507 88.55134
7 0 62.61866 (0.0829, 29.6640, -4.5501) (0.0742, -0.0926, -0.2423, -0.9629) (-0.0402, 30.0286, -4.5893) (0.0584, 0.0076, 0.0122, 0.9982) 14.2336 18.7754 97.18481
8 0 63.18539 (0.0238, 29.6933, -4.5646) (0.1766, 0.0707, -0.1886, -0.9634) (-0.0391, 30.0282, -4.5874) (0.0595, -0.0033, 0.0111, 0.9982) -20.28934 31.36693 92.76022
9 0 63.81861 (0.0856, 29.6965, -4.5522) (0.1399, -0.1370, -0.2268, -0.9541) (-0.0400, 30.0280, -4.5881) (0.0614, 0.0094, 0.0090, 0.9980) 19.78797 32.90783 92.33369
10 0 64.42982 (0.0296, 29.6795, -4.5583) (0.0984, 0.0480, -0.1951, -0.9746) (-0.0412, 30.0274, -4.5832) (0.0651, -0.0007, 0.0133, 0.9978) -13.18857 17.30423 97.60443
11 0 64.97418 (0.0628, 29.7182, -4.5570) (0.2149, -0.1110, -0.1848, -0.9526) (-0.0434, 30.0275, -4.5822) (0.0662, 0.0055, 0.0131, 0.9977) 13.20685 45.04143 88.29977
12 0 65.70783 (0.0610, 29.6674, -4.5476) (0.0511, -0.0103, -0.2250, -0.9730) (-0.0391, 30.0258, -4.5794) (0.0742, 0.0099, 0.0087, 0.9972) -0.2960415 10.39722 99.45758
13 0 66.47443 (0.0598, 29.7241, -4.5780) (0.2596, -0.0504, -0.1575, -0.9515) (-0.0409, 30.0276, -4.5850) (0.0656, 0.0104, 0.0110, 0.9977) 1.409549 50.97725 86.01938
14 0 67.00793 (0.0791, 29.6632, -4.5484) (0.0752, -0.0836, -0.2199, -0.9690) (-0.0423, 30.0271, -4.5836) (0.0671, 0.0125, 0.0109, 0.9976) 12.90302 18.24622 97.47095
15 0 67.66343 (0.0298, 29.7155, -4.5612) (0.2282, 0.0281, -0.1694, -0.9583) (-0.0399, 30.0276, -4.5855) (0.0636, 0.0008, 0.0098, 0.9979) -13.11525 42.78669 89.42757
0 0 68.20782 (0.0991, 29.6868, -4.5385) (0.1271, -0.1352, -0.2189, -0.9579) (-0.0377, 30.0270, -4.5819) (0.0688, 0.0082, 0.0072, 0.9976) 20.32866 30.26882 93.11576
1 0 68.77432 (0.0139, 29.6949, -4.5516) (0.1835, 0.0683, -0.1835, -0.9633) (-0.0424, 30.0273, -4.5823) (0.0662, -0.0053, 0.0150, 0.9977) -19.90196 32.85069 92.32954
2 0 69.43005 (0.0661, 29.7131, -4.5512) (0.2126, -0.1138, -0.1814, -0.9534) (-0.0425, 30.0280, -4.5877) (0.0636, 0.0064, 0.0135, 0.9979) 13.98903 44.65886 88.3736
3 0 69.99658 (0.0247, 29.6663, -4.5557) (0.0968, 0.0602, -0.1932, -0.9745) (-0.0407, 30.0269, -4.5846) (0.0688, 0.0012, 0.0137, 0.9975) -15.46947 16.5439 97.40121
4 0 70.61891 (0.0418, 29.7295, -4.5591) (0.2522, -0.0389, -0.1720, -0.9515) (-0.0454, 30.0272, -4.5828) (0.0663, -0.0048, 0.0176, 0.9976) -1.274338 49.32242 86.98089
5 0 71.26348 (0.0517, 29.6388, -4.5309) (0.0457, -0.0145, -0.1984, -0.9789) (-0.0459, 30.0262, -4.5750) (0.0714, 0.0011, 0.0161, 0.9973) 1.018247 9.514132 99.54117
6 0 71.90788 (0.0203, 29.7248, -4.5531) (0.2450, 0.0342, -0.1582, -0.9559) (-0.0478, 30.0275, -4.5782) (0.0633, -0.0034, 0.0177, 0.9978) -14.29351 45.76185 87.75847
7 0 72.58566 (0.0866, 29.6402, -4.5207) (0.0735, -0.0945, -0.2302, -0.9657) (-0.0464, 30.0272, -4.5783) (0.0665, 0.0081, 0.0149, 0.9976) 14.86577 18.55536 97.13242
-1 0 73.90799 (0.0536, 29.6730, -4.5410) (0.0978, -0.0248, -0.1104, -0.9888) (-0.0408, 30.0277, -4.5829) (0.0629, 0.0041, 0.0108, 0.9980) 2.736889 19.89492 97.96275
0 0 74.59685 (0.0984, 29.6958, -4.5445) (0.1392, -0.1410, -0.1611, -0.9669) (-0.0415, 30.0290, -4.5892) (0.0574, 0.0132, 0.0092, 0.9982) 22.77661 31.45313 92.15165
1 0 75.44147 (-0.0010, 29.7107, -4.5807) (0.1799, 0.1055, -0.1470, -0.9669) (-0.0447, 30.0284, -4.5940) (0.0578, -0.0105, 0.0136, 0.9982) -25.69383 31.67835 91.30339
2 0 76.0969 (0.0701, 29.7439, -4.5666) (0.2298, -0.1291, -0.1595, -0.9514) (-0.0423, 30.0288, -4.5922) (0.0568, 0.0015, 0.0096, 0.9983) 17.2321 47.83477 86.10975
3 0 76.93056 (0.0171, 29.6831, -4.5729) (0.0736, 0.0866, -0.1600, -0.9806) (-0.0445, 30.0271, -4.5875) (0.0657, -0.0028, 0.0120, 0.9978) -19.34496 11.6621 97.41544
4 0 77.61928 (0.0290, 29.7479, -4.5832) (0.2897, -0.0385, -0.1319, -0.9472) (-0.0479, 30.0288, -4.5912) (0.0575, -0.0014, 0.0144, 0.9982) -0.3485739 55.89187 82.92152
5 0 78.43069 (0.0466, 29.6301, -4.5485) (0.0091, -0.0058, -0.1543, -0.9880) (-0.0460, 30.0272, -4.5834) (0.0659, 0.0034, 0.0116, 0.9978) 0.8701987 1.96937 99.97682
6 0 79.25298 (0.0103, 29.7358, -4.5767) (0.2687, 0.0521, -0.1057, -0.9560) (-0.0500, 30.0280, -4.5865) (0.0634, -0.0024, 0.0155, 0.9979) -15.64629 50.27956 85.01271
7 0 79.94157 (0.0895, 29.6281, -4.5379) (0.0406, -0.1075, -0.1974, -0.9736) (-0.0450, 30.0278, -4.5863) (0.0660, 0.0163, 0.0082, 0.9977) 19.32444 12.14509 97.36048
8 0 80.70844 (-0.0149, 29.6948, -4.5723) (0.1756, 0.1076, -0.1394, -0.9686) (-0.0474, 30.0275, -4.5859) (0.0649, 0.0045, 0.0121, 0.9978) -25.74176 31.01777 91.51644
9 0 81.45293 (0.0895, 29.6914, -4.5421) (0.1285, -0.1573, -0.1816, -0.9622) (-0.0443, 30.0272, -4.5815) (0.0680, 0.0236, 0.0056, 0.9974) 25.59857 30.43089 91.75333
10 0 82.11947 (0.0049, 29.6680, -4.5540) (0.0713, 0.0865, -0.1675, -0.9795) (-0.0479, 30.0266, -4.5773) (0.0721, 0.0069, 0.0100, 0.9973) -19.33933 11.06306 97.4864
11 0 82.80853 (0.0363, 29.7125, -4.5645) (0.2337, -0.1184, -0.1489, -0.9535) (-0.0469, 30.0279, -4.5812) (0.0631, 0.0114, 0.0102, 0.9979) 15.61375 48.0922 86.27486
12 0 83.54189 (0.0228, 29.6567, -4.5482) (0.0205, -0.0050, -0.1937, -0.9808) (-0.0499, 30.0264, -4.5798) (0.0703, 0.0099, 0.0134, 0.9974) 0.1959008 4.210751 99.91112
13 0 84.27509 (0.0194, 29.7173, -4.5669) (0.2758, -0.0430, -0.1662, -0.9458) (-0.0483, 30.0274, -4.5790) (0.0622, 0.0071, 0.0122, 0.9980) -1.024981 53.59145 84.421
14 0 85.00871 (0.0679, 29.6412, -4.5264) (0.0481, -0.1036, -0.2184, -0.9692) (-0.0453, 30.0266, -4.5754) (0.0684, 0.0164, 0.0074, 0.9975) 17.98381 13.84763 97.39007
15 0 85.76432 (0.0018, 29.7090, -4.5590) (0.2588, 0.0444, -0.1726, -0.9493) (-0.0479, 30.0275, -4.5748) (0.0621, 0.0025, 0.0115, 0.9980) -17.36313 47.60635 86.20996
0 0 86.49767 (0.0865, 29.6965, -4.5277) (0.1383, -0.1640, -0.1909, -0.9579) (-0.0457, 30.0270, -4.5714) (0.0650, 0.0171, 0.0088, 0.9977) 26.13295 32.75414 90.79777
1 0 87.25355 (0.0012, 29.6999, -4.5696) (0.1870, 0.0997, -0.1824, -0.9601) (-0.0458, 30.0282, -4.5862) (0.0599, -0.0010, 0.0090, 0.9982) -25.96432 32.27505 91.01744
2 0 88.03118 (0.0824, 29.7239, -4.5683) (0.2263, -0.1344, -0.1843, -0.9470) (-0.0397, 30.0286, -4.5908) (0.0590, 0.0122, 0.0065, 0.9982) 17.11864 47.80659 86.14803
3 0 88.81989 (0.0115, 29.6578, -4.5597) (0.0678, 0.0898, -0.1783, -0.9775) (-0.0437, 30.0265, -4.5783) (0.0697, 0.0039, 0.0114, 0.9975) -19.97613 10.05265 97.46742
4 0 89.60898 (0.0275, 29.7392, -4.5700) (0.2879, -0.0326, -0.1407, -0.9467) (-0.0480, 30.0278, -4.5813) (0.0632, 0.0106, 0.0132, 0.9979) -1.926772 55.43059 83.209
5 0 90.29781 (0.0464, 29.6373, -4.5578) (0.0254, -0.0105, -0.1824, -0.9828) (-0.0442, 30.0271, -4.5830) (0.0672, 0.0191, 0.0077, 0.9975) 1.130803 5.382381 99.84864
6 0 90.96468 (0.0079, 29.7208, -4.5799) (0.2774, 0.0490, -0.1725, -0.9439) (-0.0437, 30.0286, -4.5821) (0.0569, 0.0099, 0.0084, 0.9983) -18.82629 50.66604 84.13396
7 0 91.6978 (0.0788, 29.6526, -4.5296) (0.0516, -0.1091, -0.2039, -0.9715) (-0.0423, 30.0271, -4.5741) (0.0649, 0.0261, 0.0045, 0.9975) 19.09656 14.47663 97.0863
8 0 92.53146 (-0.0067, 29.6966, -4.5718) (0.1819, 0.1019, -0.1438, -0.9674) (-0.0473, 30.0284, -4.5828) (0.0586, 0.0044, 0.0115, 0.9982) -24.94099 32.25851 91.30901
9 0 93.33148 (0.1018, 29.6929, -4.5483) (0.1225, -0.1667, -0.2200, -0.9533) (-0.0473, 30.0284, -4.5842) (0.0615, 0.0178, 0.0086, 0.9979) 26.3917 30.68849 91.44231
10 0 94.13173 (-0.0015, 29.6624, -4.5612) (0.0776, 0.0856, -0.1861, -0.9757) (-0.0482, 30.0277, -4.5815) (0.0649, 0.0053, 0.0100, 0.9978) -19.59487 11.95887 97.32948
11 0 94.84248 (0.0573, 29.7373, -4.5672) (0.2323, -0.1415, -0.1912, -0.9431) (-0.0491, 30.0284, -4.5866) (0.0603, 0.0198, 0.0019, 0.9980) 17.81018 49.23208 85.19977
12 0 95.52052 (0.0314, 29.6354, -4.5571) (0.0258, -0.0129, -0.1747, -0.9842) (-0.0488, 30.0276, -4.5860) (0.0641, 0.0148, 0.0068, 0.9978) 1.629179 5.534819 99.83342
13 0 96.29821 (0.0172, 29.7315, -4.5865) (0.2880, -0.0449, -0.1556, -0.9439) (-0.0516, 30.0293, -4.5910) (0.0550, 0.0085, 0.0127, 0.9984) -0.4933178 55.75481 83.013
14 0 97.03172 (0.0657, 29.6395, -4.5511) (0.0465, -0.1096, -0.2156, -0.9692) (-0.0488, 30.0282, -4.5879) (0.0634, 0.0183, 0.0088, 0.9978) 19.23927 13.74857 97.16392
15 0 97.85381 (-0.0033, 29.7177, -4.5810) (0.2678, 0.0463, -0.1462, -0.9512) (-0.0509, 30.0292, -4.5890) (0.0582, 0.0009, 0.0123, 0.9982) -16.63288 49.59456 85.2275
0 0 98.56509 (0.0944, 29.6768, -4.5346) (0.1304, -0.1597, -0.2024, -0.9574) (-0.0467, 30.0280, -4.5783) (0.0676, 0.0242, 0.0058, 0.9974) 25.29476 31.43569 91.49848
1 0 99.46516 (-0.0154, 29.6939, -4.5682) (0.1797, 0.1039, -0.1275, -0.9699) (-0.0559, 30.0285, -4.5847) (0.0615, -0.0091, 0.0178, 0.9979) -24.72903 32.2026 91.38637
2 0 100.2759 (0.0791, 29.7298, -4.5672) (0.2346, -0.1347, -0.1703, -0.9475) (-0.0496, 30.0299, -4.5931) (0.0555, 0.0061, 0.0144, 0.9983) 17.5299 49.05096 85.36221
3 0 101.0206 (0.0100, 29.6596, -4.5668) (0.0721, 0.0864, -0.1259, -0.9856) (-0.0508, 30.0288, -4.5863) (0.0619, -0.0004, 0.0155, 0.9980) -18.84332 12.03293 97.46865
4 0 101.6985 (0.0266, 29.7545, -4.5631) (0.2864, -0.0421, -0.1490, -0.9455) (-0.0542, 30.0296, -4.5863) (0.0548, 0.0038, 0.0172, 0.9983) -0.5794987 55.41591 83.23906
5 0 102.4207 (0.0319, 29.6119, -4.5421) (0.0104, -0.0016, -0.1878, -0.9822) (-0.0525, 30.0285, -4.5796) (0.0599, 0.0082, 0.0150, 0.9981) -0.07127442 2.107763 99.97776
6 0 103.3987 (-0.0088, 29.7354, -4.5642) (0.2554, 0.0545, -0.1239, -0.9573) (-0.0532, 30.0297, -4.5853) (0.0565, -0.0005, 0.0142, 0.9983) -16.77047 47.5529 86.35666
7 0 104.1989 (0.0883, 29.6410, -4.5309) (0.0447, -0.1126, -0.2026, -0.9717) (-0.0487, 30.0289, -4.5825) (0.0590, 0.0238, 0.0090, 0.9979) 20.07955 13.25997 97.06176
8 0 104.8655 (-0.0235, 29.7082, -4.5623) (0.1785, 0.1023, -0.1459, -0.9677) (-0.0507, 30.0295, -4.5868) (0.0536, -0.0034, 0.0133, 0.9985) -25.01596 31.55796 91.53304
9 0 105.6321 (0.1055, 29.7028, -4.5450) (0.1268, -0.1640, -0.2122, -0.9550) (-0.0458, 30.0298, -4.5906) (0.0555, 0.0295, 0.0024, 0.9980) 25.93864 31.17794 91.40636
10 0 106.4101 (-0.0049, 29.6725, -4.5686) (0.0736, 0.0894, -0.1607, -0.9802) (-0.0489, 30.0299, -4.5948) (0.0486, 0.0031, 0.0100, 0.9988) -19.89644 11.54524 97.31824
11 0 107.0211 (0.0603, 29.7439, -4.5612) (0.2313, -0.1311, -0.1660, -0.9496) (-0.0516, 30.0305, -4.5925) (0.0469, 0.0100, 0.0103, 0.9988) 17.21777 48.27656 85.86572
12 0 107.8548 (0.0345, 29.6422, -4.5486) (0.0224, 0.0049, -0.1693, -0.9853) (-0.0474, 30.0287, -4.5837) (0.0553, 0.0066, 0.0083, 0.9984) -1.719022 4.247986 99.89494
13 0 108.599 (0.0368, 29.7419, -4.5733) (0.2851, -0.0274, -0.0928, -0.9536) (-0.0468, 30.0310, -4.5896) (0.0426, 0.0041, 0.0084, 0.9991) -0.06315596 54.87933 83.59579
14 0 109.299 (0.0886, 29.6469, -4.5431) (0.0514, -0.1076, -0.1396, -0.9830) (-0.0432, 30.0294, -4.5852) (0.0525, 0.0177, 0.0067, 0.9984) 19.71313 13.11096 97.15707
15 0 109.9657 (-0.0007, 29.7384, -4.5709) (0.2583, 0.0625, -0.0807, -0.9607) (-0.0454, 30.0297, -4.5865) (0.0505, -0.0013, 0.0098, 0.9987) -16.1703 48.62296 85.87392
0 0 110.6547 (0.0981, 29.6990, -4.5377) (0.1446, -0.1491, -0.1717, -0.9630) (-0.0461, 30.0290, -4.5821) (0.0541, 0.0174, 0.0088, 0.9983) 23.74438 32.97706 91.37132
1 0 111.3437 (-0.0218, 29.7059, -4.5568) (0.1680, 0.1130, -0.1177, -0.9722) (-0.0510, 30.0285, -4.5794) (0.0576, -0.0038, 0.0138, 0.9982) -25.92382 30.00703 91.8016
2 0 112.0215 (0.0606, 29.7416, -4.5509) (0.2457, -0.1225, -0.1286, -0.9529) (-0.0506, 30.0284, -4.5826) (0.0577, 0.0191, 0.0151, 0.9980) 17.02018 49.97909 84.92587
3 0 112.6882 (-0.0131, 29.6583, -4.5617) (0.0637, 0.0913, -0.1190, -0.9866) (-0.0534, 30.0275, -4.5796) (0.0615, 0.0055, 0.0200, 0.9979) -19.52726 10.40611 97.52127
4 1 113.433 (0.0140, 29.7498, -4.5669) (0.2959, -0.0237, -0.0982, -0.9499) (-0.0532, 30.0283, -4.5828) (0.0582, 0.0087, 0.0203, 0.9981) -1.036392 56.53084 82.37456
5 1 114.1106 (0.0278, 29.6352, -4.5569) (0.0207, -0.0054, -0.1496, -0.9885) (-0.0497, 30.0284, -4.5854) (0.0563, 0.0145, 0.0139, 0.9982) 0.3404342 4.2962 99.90859
6 1 115.0661 (-0.0104, 29.7532, -4.5903) (0.2660, 0.0551, -0.1104, -0.9561) (-0.0539, 30.0302, -4.5982) (0.0448, 0.0024, 0.0187, 0.9988) -16.4139 49.33253 85.24625
7 1 115.7662 (0.0922, 29.6615, -4.5516) (0.0482, -0.1133, -0.1858, -0.9748) (-0.0479, 30.0291, -4.5910) (0.0527, 0.0202, 0.0142, 0.9983) 19.86336 13.7685 96.9688
8 1 116.4329 (-0.0001, 29.7139, -4.5547) (0.1755, 0.1132, -0.0935, -0.9735) (-0.0501, 30.0276, -4.5759) (0.0620, 0.0077, 0.0150, 0.9979) -25.06045 31.98864 91.27867
9 1 117.1885 (0.0970, 29.7120, -4.5244) (0.1365, -0.1610, -0.1626, -0.9639) (-0.0501, 30.0274, -4.5705) (0.0646, 0.0206, 0.0110, 0.9976) 26.33679 31.5561 91.09332
10 1 117.8885 (0.0046, 29.6814, -4.5506) (0.0726, 0.0895, -0.1487, -0.9822) (-0.0506, 30.0289, -4.5777) (0.0599, 0.0010, 0.0132, 0.9981) -19.38883 11.28023 97.34415
11 1 118.5113 (0.0549, 29.7476, -4.5661) (0.2364, -0.1296, -0.1487, -0.9514) (-0.0506, 30.0304, -4.5873) (0.0528, 0.0046, 0.0088, 0.9986) 17.13161 49.15235 85.46861
12 1 119.1331 (0.0388, 29.6578, -4.5677) (0.0171, 0.0001, -0.1755, -0.9843) (-0.0463, 30.0274, -4.5838) (0.0659, 0.0105, 0.0054, 0.9978) 0.05429705 2.514762 99.94151
13 1 119.7774 (0.0229, 29.7351, -4.5995) (0.2886, -0.0452, -0.1496, -0.9446) (-0.0497, 30.0299, -4.5927) (0.0506, 0.0070, 0.0096, 0.9986) -0.08275677 55.79332 82.92731
14 1 120.3663 (0.0662, 29.6549, -4.5682) (0.0390, -0.1105, -0.1706, -0.9784) (-0.0486, 30.0292, -4.5922) (0.0553, 0.0169, 0.0076, 0.9983) 20.27116 11.36335 97.25536
15 1 120.9664 (-0.0056, 29.7295, -4.5916) (0.2626, 0.0577, -0.1195, -0.9558) (-0.0503, 30.0295, -4.5875) (0.0553, 0.0044, 0.0081, 0.9984) -17.30399 48.809 85.54656
0 1 121.511 (0.0760, 29.6992, -4.5462) (0.1343, -0.1617, -0.1800, -0.9609) (-0.0510, 30.0282, -4.5794) (0.0611, 0.0190, 0.0076, 0.9979) 26.24233 31.63577 91.16209
1 1 122.2443 (-0.0156, 29.7062, -4.5723) (0.1774, 0.1079, -0.1331, -0.9691) (-0.0534, 30.0284, -4.5816) (0.0610, 0.0069, 0.0096, 0.9981) -24.79167 31.28001 91.37744
2 1 122.8443 (0.0515, 29.7399, -4.5634) (0.2427, -0.1343, -0.1431, -0.9500) (-0.0539, 30.0293, -4.5836) (0.0558, 0.0147, 0.0111, 0.9983) 18.46175 50.02523 84.61041
3 1 123.4443 (0.0008, 29.6784, -4.5673) (0.0741, 0.0866, -0.1347, -0.9843) (-0.0534, 30.0284, -4.5824) (0.0603, 0.0101, 0.0127, 0.9980) -18.91615 12.06738 97.40269
4 1 124.0776 (0.0206, 29.7482, -4.5850) (0.2994, -0.0504, -0.1574, -0.9397) (-0.0550, 30.0292, -4.5883) (0.0549, 0.0094, 0.0139, 0.9983) 0.0209641 57.79918 81.56747
5 1 124.6776 (0.0413, 29.6336, -4.5544) (0.0055, -0.0112, -0.1651, -0.9862) (-0.0500, 30.0284, -4.5840) (0.0600, 0.0135, 0.0096, 0.9981) 2.020522 1.445628 99.96913
6 1 125.3668 (0.0014, 29.7308, -4.5792) (0.2612, 0.0554, -0.1212, -0.9560) (-0.0515, 30.0294, -4.5853) (0.0541, 0.0072, 0.0106, 0.9985) -16.8884 48.59898 85.73935
7 1 126.0555 (0.0738, 29.6626, -4.5423) (0.0533, -0.1108, -0.1837, -0.9753) (-0.0486, 30.0286, -4.5813) (0.0614, 0.0215, 0.0070, 0.9979) 18.96171 14.65691 96.9787
8 1 126.7668 (-0.0115, 29.7064, -4.5748) (0.1792, 0.1069, -0.1476, -0.9668) (-0.0510, 30.0289, -4.5846) (0.0568, 0.0073, 0.0102, 0.9983) -25.85493 31.68079 91.2922
9 1 127.3558 (0.0895, 29.7059, -4.5529) (0.1338, -0.1598, -0.1804, -0.9613) (-0.0487, 30.0288, -4.5850) (0.0604, 0.0231, 0.0072, 0.9979) 25.59443 31.25849 91.31255
10 1 127.9448 (0.0012, 29.6654, -4.5881) (0.0743, 0.0826, -0.1641, -0.9802) (-0.0484, 30.0217, -4.5993) (0.0590, 0.0093, 0.0122, 0.9981) -18.20294 11.78131 97.5302
11 1 128.6892 (0.0533, 29.7288, -4.5722) (0.2372, -0.1270, -0.1398, -0.9529) (-0.0525, 30.0234, -4.5945) (0.0569, 0.0129, 0.0145, 0.9982) 17.38824 48.3979 85.5246
12 1 129.5116 (0.0406, 29.6257, -4.5608) (0.0189, -0.0029, -0.1493, -0.9886) (-0.0495, 30.0226, -4.5874) (0.0598, 0.0100, 0.0111, 0.9981) 0.1097181 4.036579 99.92649
13 1 130.1226 (0.0206, 29.7429, -4.5718) (0.2862, -0.0393, -0.1471, -0.9460) (-0.0509, 30.0252, -4.5973) (0.0471, 0.0039, 0.0110, 0.9988) -0.6631461 55.0612 83.30346
14 1 130.7561 (0.0796, 29.6278, -4.5692) (0.0435, -0.1086, -0.1727, -0.9780) (-0.0472, 30.0241, -4.6020) (0.0523, 0.0198, 0.0081, 0.9984) 19.77555 12.35685 97.26066
15 1 131.545 (-0.0167, 29.7348, -4.5926) (0.2607, 0.0624, -0.1005, -0.9581) (-0.0512, 30.0251, -4.6086) (0.0495, 0.0023, 0.0149, 0.9987) -17.11959 48.49458 85.62358
0 1 132.145 (0.0973, 29.6846, -4.5464) (0.1338, -0.1642, -0.1621, -0.9638) (-0.0497, 30.0235, -4.5991) (0.0582, 0.0214, 0.0089, 0.9980) 27.30718 31.12334 91.024
1 1 132.8228 (-0.0289, 29.6984, -4.5776) (0.1718, 0.1104, -0.1133, -0.9723) (-0.0511, 30.0239, -4.5986) (0.0568, 0.0020, 0.0115, 0.9983) -25.02234 30.90927 91.6578
2 1 133.4452 (0.0588, 29.7513, -4.5679) (0.2390, -0.1187, -0.1203, -0.9562) (-0.0533, 30.0250, -4.6027) (0.0495, 0.0093, 0.0120, 0.9987) 16.94223 48.55581 85.76126
3 1 134.1229 (-0.0274, 29.6611, -4.6035) (0.0620, 0.0889, -0.0968, -0.9894) (-0.0557, 30.0245, -4.6026) (0.0514, 0.0019, 0.0147, 0.9986) -18.78753 10.56873 97.65094
4 1 134.8118 (0.0069, 29.7599, -4.6036) (0.2863, -0.0217, -0.0859, -0.9540) (-0.0554, 30.0258, -4.6083) (0.0434, 0.0059, 0.0152, 0.9989) -0.4894463 54.82537 83.51627
5 1 135.5787 (0.0243, 29.6297, -4.5943) (0.0218, -0.0111, -0.1159, -0.9930) (-0.0523, 30.0244, -4.5993) (0.0532, 0.0163, 0.0109, 0.9984) 1.866776 4.723275 99.87991
6 1 136.2568 (-0.0245, 29.7332, -4.5992) (0.2611, 0.0680, -0.0818, -0.9594) (-0.0574, 30.0260, -4.6011) (0.0437, 0.0002, 0.0174, 0.9989) -17.27727 48.93296 85.43705
7 1 136.9229 (0.0864, 29.6433, -4.5702) (0.0469, -0.1124, -0.1494, -0.9812) (-0.0518, 30.0240, -4.5923) (0.0523, 0.0313, 0.0129, 0.9981) 20.67277 12.76516 97.03179
8 1 137.6339 (-0.0236, 29.6982, -4.5983) (0.1639, 0.1211, -0.0981, -0.9741) (-0.0537, 30.0254, -4.6013) (0.0440, 0.0008, 0.0167, 0.9989) -26.68295 29.69601 91.69263
9 1 138.123 (0.0885, 29.6964, -4.5834) (0.1422, -0.1466, -0.0993, -0.9739) (-0.0512, 30.0250, -4.6056) (0.0482, 0.0254, 0.0142, 0.9984) 25.76916 30.62758 91.6577
10 1 138.6675 (-0.0026, 29.6577, -4.6001) (0.0656, 0.0888, -0.0948, -0.9894) (-0.0513, 30.0246, -4.6040) (0.0528, 0.0094, 0.0160, 0.9984) -18.80927 11.29914 97.56293
11 1 139.2121 (0.0494, 29.7415, -4.5851) (0.2461, -0.1142, -0.1082, -0.9564) (-0.0557, 30.0252, -4.6013) (0.0493, 0.0122, 0.0180, 0.9985) 16.50863 49.54758 85.27895
12 1 139.9675 (0.0238, 29.6344, -4.5908) (0.0132, -0.0068, -0.1150, -0.9933) (-0.0541, 30.0240, -4.5928) (0.0543, 0.0164, 0.0151, 0.9983) 1.171435 3.056684 99.95588
13 1 140.5564 (0.0128, 29.7508, -4.5975) (0.2811, -0.0247, -0.0787, -0.9561) (-0.0553, 30.0253, -4.6030) (0.0492, 0.0131, 0.0176, 0.9985) 0.3304015 54.1267 84.07571
14 1 141.679 (0.0638, 29.6430, -4.5846) (0.0295, -0.1117, -0.1571, -0.9808) (-0.0515, 30.0247, -4.5989) (0.0523, 0.0150, 0.0106, 0.9985) 21.00975 9.387056 97.33222
15 1 142.4012 (-0.0360, 29.7418, -4.5951) (0.2664, 0.0696, -0.0916, -0.9570) (-0.0568, 30.0263, -4.6069) (0.0426, -0.0062, 0.0159, 0.9989) -18.28608 49.57559 84.83951
0 1 143.0569 (0.0865, 29.6944, -4.5739) (0.1432, -0.1586, -0.1516, -0.9651) (-0.0521, 30.0240, -4.5993) (0.0580, 0.0283, 0.0101, 0.9979) 26.25024 32.45372 90.86533
1 1 143.8344 (-0.0318, 29.6942, -4.5916) (0.1648, 0.1174, -0.1049, -0.9737) (-0.0557, 30.0247, -4.5995) (0.0544, 0.0024, 0.0143, 0.9984) -25.7541 29.94998 91.80848
2 1 144.4455 (0.0584, 29.7427, -4.5833) (0.2444, -0.1159, -0.1093, -0.9565) (-0.0525, 30.0252, -4.5998) (0.0500, 0.0185, 0.0133, 0.9985) 16.94755 49.11423 85.37172
3 1 145.2346 (-0.0117, 29.6603, -4.5982) (0.0643, 0.0939, -0.0881, -0.9896) (-0.0590, 30.0255, -4.6006) (0.0449, 0.0060, 0.0180, 0.9988) -19.12861 10.96202 97.40927
4 1 145.8457 (0.0194, 29.7511, -4.5917) (0.2869, -0.0239, -0.0807, -0.9542) (-0.0565, 30.0261, -4.6047) (0.0428, 0.0035, 0.0159, 0.9990) -0.1220313 54.98167 83.41913
5 1 146.5903 (0.0330, 29.6103, -4.5789) (0.0078, -0.0021, -0.1098, -0.9939) (-0.0523, 30.0248, -4.6008) (0.0505, 0.0117, 0.0118, 0.9986) 0.4466386 1.927266 99.98683
6 1 147.2015 (-0.0134, 29.7504, -4.5912) (0.2728, 0.0661, -0.0946, -0.9551) (-0.0557, 30.0261, -4.6013) (0.0439, -0.0049, 0.0175, 0.9989) -17.78952 50.86632 84.24174
7 1 147.879 (0.0833, 29.6530, -4.5683) (0.0417, -0.1075, -0.1271, -0.9852) (-0.0528, 30.0246, -4.5969) (0.0513, 0.0296, 0.0147, 0.9981) 20.06097 10.94532 97.33937
-1 1 148.9348 (0.0162, 29.6990, -4.5872) (0.1410, -0.0048, -0.1046, -0.9845) (-0.0540, 30.0259, -4.6067) (0.0421, 0.0079, 0.0182, 0.9989) -2.314117 26.81084 96.0164
0 1 149.7459 (0.1023, 29.7043, -4.5894) (0.1316, -0.1839, -0.1500, -0.9625) (-0.0485, 30.0261, -4.6085) (0.0456, 0.0276, 0.0117, 0.9985) 31.27039 30.97399 89.7769
1 1 150.6013 (-0.0336, 29.7217, -4.6180) (0.1770, 0.1421, -0.0938, -0.9694) (-0.0578, 30.0253, -4.6055) (0.0499, -0.0001, 0.0188, 0.9986) -31.37618 31.23663 89.69307
2 1 151.4459 (0.0605, 29.7633, -4.6063) (0.2601, -0.1347, -0.0930, -0.9516) (-0.0540, 30.0260, -4.6052) (0.0459, 0.0157, 0.0155, 0.9987) 20.71091 51.78349 82.84456
3 1 152.3792 (-0.0240, 29.6589, -4.6070) (0.0471, 0.1188, -0.0938, -0.9873) (-0.0564, 30.0245, -4.5977) (0.0540, 0.0036, 0.0164, 0.9984) -24.31114 7.19476 96.73125
4 1 153.2128 (0.0038, 29.7593, -4.6082) (0.3179, -0.0216, -0.0664, -0.9455) (-0.0568, 30.0257, -4.6010) (0.0467, 0.0060, 0.0173, 0.9987) -0.1732928 59.93882 79.68932
5 1 154.2463 (0.0311, 29.6040, -4.5844) (-0.0234, 0.0039, -0.1280, -0.9915) (-0.0499, 30.0235, -4.5946) (0.0585, 0.0088, 0.0103, 0.9982) -0.3087754 -4.369892 99.88748
6 1 155.2684 (-0.0084, 29.7311, -4.6295) (0.2826, 0.0783, -0.1084, -0.9499) (-0.0519, 30.0261, -4.6077) (0.0454, 0.0072, 0.0133, 0.9989) -20.60766 51.80156 82.79925
7 1 156.0463 (0.0883, 29.6286, -4.6007) (0.0149, -0.1275, -0.1575, -0.9791) (-0.0482, 30.0250, -4.6091) (0.0521, 0.0238, 0.0097, 0.9983) 24.28809 7.038448 96.70582
8 1 156.9017 (-0.0208, 29.7066, -4.6197) (0.1817, 0.1436, -0.0830, -0.9693) (-0.0529, 30.0244, -4.6037) (0.0566, -0.0006, 0.0143, 0.9983) -31.23169 31.86114 89.27098
9 1 157.6908 (0.1214, 29.6998, -4.5803) (0.1286, -0.1921, -0.1749, -0.9571) (-0.0474, 30.0240, -4.5936) (0.0597, 0.0225, 0.0058, 0.9979) 31.68018 31.39849 89.31142
10 1 158.5244 (-0.0117, 29.6595, -4.5889) (0.0518, 0.1152, -0.1310, -0.9833) (-0.0515, 30.0231, -4.5919) (0.0623, -0.0013, 0.0074, 0.9980) -24.30331 7.000674 96.80965
11 1 159.2685 (0.0622, 29.7503, -4.5873) (0.2547, -0.1522, -0.1420, -0.9443) (-0.0553, 30.0248, -4.5959) (0.0544, 0.0114, 0.0109, 0.9984) 21.36298 52.27144 82.39253
12 1 160.1463 (0.0301, 29.6237, -4.5754) (-0.0137, 0.0012, -0.1610, -0.9869) (-0.0534, 30.0227, -4.5908) (0.0636, 0.0106, 0.0103, 0.9979) 0.2629931 -3.480164 99.962
13 1 160.9017 (0.0246, 29.7640, -4.5976) (0.3113, -0.0423, -0.1251, -0.9411) (-0.0540, 30.0269, -4.5996) (0.0375, 0.0059, 0.0126, 0.9992) 0.5847644 59.19905 80.25442
14 1 161.8574 (0.0871, 29.6258, -4.5771) (0.0142, -0.1279, -0.1730, -0.9765) (-0.0515, 30.0251, -4.5979) (0.0513, 0.0228, 0.0073, 0.9984) 24.63332 7.912996 96.68832
15 1 162.6465 (-0.0360, 29.7445, -4.6015) (0.2811, 0.0793, -0.1151, -0.9495) (-0.0627, 30.0263, -4.6023) (0.0425, -0.0146, 0.0193, 0.9988) -21.40471 51.69638 82.94336
0 1 163.4245 (0.1092, 29.6893, -4.5770) (0.1241, -0.1952, -0.1816, -0.9558) (-0.0507, 30.0250, -4.5962) (0.0521, 0.0286, 0.0087, 0.9982) 32.24136 30.95159 89.29752
1 1 164.2022 (-0.0317, 29.7110, -4.5992) (0.1828, 0.1439, -0.1176, -0.9654) (-0.0573, 30.0243, -4.5924) (0.0563, -0.0018, 0.0163, 0.9983) -31.83611 31.76495 89.17439
2 1 165.1799 (0.0720, 29.7546, -4.5783) (0.2542, -0.1540, -0.1488, -0.9432) (-0.0557, 30.0249, -4.5928) (0.0526, 0.0052, 0.0154, 0.9985) 21.33144 52.57016 82.33416
3 1 166.1134 (-0.0178, 29.6639, -4.5934) (0.0508, 0.1189, -0.1238, -0.9839) (-0.0591, 30.0243, -4.5931) (0.0551, 0.0024, 0.0179, 0.9983) -24.12893 7.009148 96.65866
4 1 167.0356 (0.0231, 29.7486, -4.5933) (0.3099, -0.0629, -0.1694, -0.9334) (-0.0592, 30.0256, -4.5974) (0.0493, 0.0042, 0.0191, 0.9986) 1.222834 59.73726 79.99664
5 1 167.78 (0.0289, 29.6212, -4.5780) (-0.0105, 0.0010, -0.1888, -0.9820) (-0.0577, 30.0245, -4.5955) (0.0541, 0.0116, 0.0166, 0.9983) 0.2259672 -2.4087 99.97764
6 1 168.5024 (-0.0177, 29.7323, -4.6051) (0.2925, 0.0742, -0.1280, -0.9448) (-0.0572, 30.0252, -4.6006) (0.0522, -0.0030, 0.0176, 0.9985) -21.45583 53.28415 81.78812
7 1 169.5801 (0.0857, 29.6392, -4.5730) (0.0070, -0.1222, -0.2365, -0.9639) (-0.0514, 30.0253, -4.6046) (0.0548, 0.0096, 0.0075, 0.9984) 23.56111 8.05265 97.00453
8 1 170.2135 (-0.0192, 29.7011, -4.6062) (0.1860, 0.1329, -0.1586, -0.9605) (-0.0512, 30.0251, -4.6014) (0.0518, -0.0027, 0.0104, 0.9986) -31.42914 31.50709 89.54975
9 1 171.636 (0.1107, 29.6992, -4.5829) (0.1236, -0.1960, -0.2216, -0.9472) (-0.0495, 30.0251, -4.6024) (0.0548, 0.0190, 0.0064, 0.9983) 32.13388 31.94211 89.26537
10 1 172.4914 (-0.0182, 29.6610, -4.5985) (0.0572, 0.1101, -0.1707, -0.9775) (-0.0575, 30.0245, -4.6004) (0.0550, -0.0017, 0.0139, 0.9984) -23.44425 6.996822 96.92056
11 1 173.4696 (0.0700, 29.7543, -4.5591) (0.2477, -0.1543, -0.1653, -0.9421) (-0.0553, 30.0236, -4.5891) (0.0587, 0.0094, 0.0114, 0.9982) 21.34773 51.53822 82.97112
12 1 174.3472 (0.0262, 29.6173, -4.5553) (-0.0168, -0.0010, -0.1797, -0.9836) (-0.0575, 30.0225, -4.5888) (0.0650, 0.0031, 0.0165, 0.9977) 0.644739 -3.763003 99.94326
13 1 175.1475 (0.0122, 29.7737, -4.5801) (0.3131, -0.0470, -0.1330, -0.9392) (-0.0601, 30.0261, -4.5983) (0.0439, -0.0007, 0.0192, 0.9988) 0.5115312 59.45326 79.95159
14 1 176.2919 (0.0992, 29.6313, -4.5562) (0.0105, -0.1289, -0.2100, -0.9691) (-0.0513, 30.0246, -4.5933) (0.0542, 0.0201, 0.0095, 0.9983) 24.49198 7.747616 96.65251
15 1 177.1363 (-0.0141, 29.7614, -4.6043) (0.2922, 0.0676, -0.1399, -0.9437) (-0.0577, 30.0266, -4.5955) (0.0401, -0.0090, 0.0173, 0.9990) -20.90849 53.34502 82.01432
0 1 178.0477 (0.1188, 29.7138, -4.5727) (0.1319, -0.1952, -0.2035, -0.9503) (-0.0486, 30.0249, -4.5917) (0.0522, 0.0341, 0.0059, 0.9980) 31.64043 32.47371 88.90551
1 1 178.9809 (-0.0280, 29.7227, -4.5949) (0.1876, 0.1382, -0.1395, -0.9624) (-0.0582, 30.0266, -4.5956) (0.0401, -0.0262, 0.0181, 0.9987) -31.64144 32.17726 89.14539
2 1 179.9478 (0.0788, 29.7659, -4.5783) (0.2505, -0.1559, -0.1672, -0.9407) (-0.0573, 30.0263, -4.5970) (0.0436, -0.0081, 0.0179, 0.9989) 20.41689 52.04518 82.59473
3 1 180.8703 (-0.0243, 29.6689, -4.5931) (0.0607, 0.1106, -0.1409, -0.9820) (-0.0611, 30.0252, -4.5947) (0.0465, -0.0158, 0.0221, 0.9985) -24.14756 8.36472 96.81879
4 1 182.0809 (0.0253, 29.7720, -4.6063) (0.3144, -0.0350, -0.0982, -0.9435) (-0.0587, 30.0266, -4.5958) (0.0415, 0.0012, 0.0197, 0.9989) 0.1432127 59.86774 79.98358
5 1 182.981 (0.0270, 29.6156, -4.5774) (-0.0175, -0.0003, -0.1691, -0.9854) (-0.0572, 30.0256, -4.5969) (0.0454, -0.0019, 0.0189, 0.9988) 0.5238301 -2.826287 99.93843
6 1 184.0924 (-0.0290, 29.7407, -4.5860) (0.2825, 0.0766, -0.1159, -0.9492) (-0.0624, 30.0261, -4.5856) (0.0408, -0.0162, 0.0221, 0.9988) -20.99195 51.64627 82.86817
7 1 185.0813 (0.0960, 29.6172, -4.5295) (0.0038, -0.1273, -0.2549, -0.9586) (-0.0481, 30.0247, -4.5920) (0.0538, 0.0098, 0.0081, 0.9985) 24.12765 7.600173 96.75769
8 1 185.9146 (-0.0354, 29.7100, -4.5965) (0.1902, 0.1309, -0.1661, -0.9587) (-0.0552, 30.0265, -4.6045) (0.0419, -0.0169, 0.0178, 0.9988) -31.28775 31.76722 89.33808
9 1 187.426 (0.1094, 29.7057, -4.5661) (0.1240, -0.1912, -0.1956, -0.9538) (-0.0501, 30.0243, -4.5898) (0.0558, 0.0199, 0.0091, 0.9982) 31.59215 30.75857 89.61239
10 1 188.1928 (-0.0150, 29.6695, -4.5857) (0.0575, 0.1206, -0.1715, -0.9761) (-0.0594, 30.0243, -4.5935) (0.0537, -0.0194, 0.0207, 0.9982) -24.89112 6.991361 96.431
11 1 189.4149 (0.0655, 29.7654, -4.5737) (0.2496, -0.1532, -0.1606, -0.9426) (-0.0545, 30.0283, -4.5977) (0.0291, 0.0166, 0.0123, 0.9994) 20.78799 51.80059 82.8532
12 1 190.3263 (0.0263, 29.6267, -4.5467) (-0.0161, 0.0066, -0.1592, -0.9871) (-0.0564, 30.0210, -4.5771) (0.0713, 0.0031, 0.0197, 0.9973) -0.1821824 -3.496396 99.9397
13 1 191.3154 (0.0201, 29.7549, -4.5862) (0.3191, -0.0377, -0.1027, -0.9414) (-0.0583, 30.0274, -4.5908) (0.0313, -0.0002, 0.0178, 0.9994) 0.3810569 60.19748 79.34686
14 1 192.2152 (0.0855, 29.6432, -4.5459) (0.0176, -0.1253, -0.1988, -0.9718) (-0.0523, 30.0254, -4.5853) (0.0445, 0.0215, 0.0131, 0.9987) 24.03523 7.939113 96.79991
15 1 193.2486 (-0.0191, 29.7406, -4.6122) (0.2907, 0.0696, -0.1225, -0.9464) (-0.0613, 30.0293, -4.6090) (0.0200, -0.0302, 0.0223, 0.9991) -20.52925 52.50866 82.13294
0 1 194.0485 (0.1312, 29.7039, -4.5677) (0.1322, -0.1913, -0.1965, -0.9525) (-0.0456, 30.0264, -4.6039) (0.0450, 0.0342, 0.0020, 0.9984) 31.10994 32.15219 89.18691
1 1 195.1263 (-0.0300, 29.7170, -4.5719) (0.1877, 0.1385, -0.1303, -0.9636) (-0.0653, 30.0256, -4.5938) (0.0384, -0.0404, 0.0339, 0.9979) -31.53149 32.27608 89.11602
2 1 195.9151 (0.0842, 29.7563, -4.5618) (0.2524, -0.1522, -0.1528, -0.9433) (-0.0564, 30.0258, -4.5933) (0.0409, 0.0070, 0.0209, 0.9989) 20.58814 52.56768 82.62656
3 1 196.7264 (-0.0133, 29.6618, -4.5781) (0.0525, 0.1221, -0.1199, -0.9838) (-0.0607, 30.0242, -4.5897) (0.0476, -0.0214, 0.0287, 0.9982) -25.06406 7.458393 96.46638
4 0 197.4933 (0.0242, 29.7762, -4.6017) (0.3121, -0.0442, -0.1184, -0.9416) (-0.0620, 30.0272, -4.6026) (0.0350, -0.0109, 0.0279, 0.9989) 0.9320185 59.82922 80.12238
5 0 198.3043 (0.0356, 29.6183, -4.5855) (-0.0202, 0.0037, -0.1392, -0.9901) (-0.0570, 30.0257, -4.6028) (0.0428, -0.0005, 0.0219, 0.9988) -0.1778531 -4.113174 99.91521
6 0 199.1156 (-0.0208, 29.7539, -4.6098) (0.2864, 0.0737, -0.0989, -0.9502) (-0.0589, 30.0281, -4.6093) (0.0289, -0.0152, 0.0227, 0.9992) -19.6629 52.9613 82.51347
7 0 199.8932 (0.0985, 29.6459, -4.5710) (0.0160, -0.1272, -0.1626, -0.9783) (-0.0518, 30.0259, -4.5990) (0.0454, 0.0239, 0.0123, 0.9986) 24.36304 7.270718 96.71391
8 0 200.7934 (-0.0262, 29.7149, -4.5926) (0.1863, 0.1361, -0.1496, -0.9615) (-0.0596, 30.0263, -4.6001) (0.0402, -0.0161, 0.0217, 0.9988) -31.73844 31.74955 89.3568
9 0 201.6934 (0.1327, 29.7172, -4.5657) (0.1256, -0.1924, -0.1931, -0.9539) (-0.0519, 30.0257, -4.5977) (0.0482, 0.0243, 0.0113, 0.9985) 31.84917 31.39434 89.44286
10 0 202.7155 (-0.0198, 29.6710, -4.5732) (0.0551, 0.1137, -0.1247, -0.9841) (-0.0637, 30.0249, -4.5949) (0.0490, -0.0087, 0.0232, 0.9985) -23.74659 8.015256 96.80834
11 0 203.7045 (0.0777, 29.7757, -4.5736) (0.2526, -0.1545, -0.1634, -0.9411) (-0.0563, 30.0271, -4.5994) (0.0371, 0.0084, 0.0165, 0.9991) 20.82965 52.59194 82.4634
12 0 205.2157 (0.0245, 29.6498, -4.5788) (-0.0157, 0.0028, -0.1707, -0.9852) (-0.0623, 30.0251, -4.5974) (0.0472, 0.0079, 0.0162, 0.9987) -0.01992742 -3.184534 99.94928
13 0 206.3602 (0.0209, 29.7740, -4.6028) (0.3110, -0.0437, -0.1277, -0.9408) (-0.0582, 30.0283, -4.6038) (0.0261, 0.0100, 0.0162, 0.9995) 0.2738222 59.63303 80.27345
14 0 207.3713 (0.1008, 29.6360, -4.5704) (0.0216, -0.1250, -0.1637, -0.9783) (-0.0488, 30.0245, -4.5953) (0.0509, 0.0322, 0.0066, 0.9982) 23.75491 8.316307 96.78091
15 0 208.3158 (-0.0338, 29.7542, -4.5999) (0.2891, 0.0764, -0.1131, -0.9475) (-0.0650, 30.0279, -4.6056) (0.0256, -0.0206, 0.0215, 0.9992) -21.01959 53.05013 82.12101
0 0 209.316 (0.1271, 29.7072, -4.5797) (0.1304, -0.1897, -0.1967, -0.9530) (-0.0496, 30.0298, -4.6052) (0.0309, 0.0461, 0.0090, 0.9984) 31.03605 32.31931 89.39925
1 0 210.3271 (-0.0256, 29.7102, -4.6089) (0.1805, 0.1399, -0.1189, -0.9663) (-0.0638, 30.0277, -4.6077) (0.0370, -0.0346, 0.0250, 0.9984) -31.3243 31.55762 89.57067
2 0 211.2384 (0.0921, 29.7553, -4.5710) (0.2519, -0.1484, -0.1437, -0.9454) (-0.0476, 30.0272, -4.5984) (0.0428, 0.0333, 0.0078, 0.9985) 20.81293 51.902 82.90359
3 0 212.138 (-0.0287, 29.6545, -4.5893) (0.0467, 0.1179, -0.0856, -0.9882) (-0.0576, 30.0221, -4.5972) (0.0588, -0.0302, 0.0259, 0.9975) -24.09975 7.218483 96.78376
4 0 213.1272 (0.0251, 29.7824, -4.6013) (0.3186, -0.0332, -0.1021, -0.9418) (-0.0594, 30.0262, -4.6077) (0.0390, -0.0058, 0.0212, 0.9990) -0.2635088 60.68514 79.4811
5 0 214.1828 (0.0305, 29.6170, -4.5879) (-0.0214, 0.0024, -0.1520, -0.9881) (-0.0572, 30.0239, -4.6074) (0.0537, -0.0097, 0.0201, 0.9983) 0.1677043 -4.300351 99.90735
6 0 215.0605 (-0.0234, 29.7530, -4.6322) (0.2814, 0.0725, -0.1273, -0.9483) (-0.0661, 30.0254, -4.6171) (0.0434, -0.0321, 0.0313, 0.9981) -20.90848 51.52978 83.11148
7 0 215.9605 (0.0927, 29.6491, -4.5670) (0.0177, -0.1233, -0.2132, -0.9690) (-0.0533, 30.0216, -4.5982) (0.0714, 0.0258, 0.0153, 0.9970) 23.14363 8.683326 96.89671
8 0 216.8828 (-0.0483, 29.7146, -4.6097) (0.1730, 0.1438, -0.1034, -0.9689) (-0.0671, 30.0240, -4.6054) (0.0536, -0.0323, 0.0299, 0.9976) -31.43555 30.5437 89.88264
9 0 217.8605 (0.1155, 29.7186, -4.5736) (0.1211, -0.1938, -0.1974, -0.9533) (-0.0543, 30.0244, -4.5988) (0.0597, 0.0399, 0.0122, 0.9973) 32.17065 30.73414 89.55703
10 0 218.8274 (-0.0207, 29.6742, -4.5895) (0.0581, 0.1123, -0.1575, -0.9794) (-0.0649, 30.0233, -4.5988) (0.0607, -0.0188, 0.0266, 0.9976) -23.82419 7.839139 96.8037
11 0 219.7161 (0.0740, 29.7658, -4.5916) (0.2534, -0.1398, -0.1357, -0.9476) (-0.0514, 30.0271, -4.6107) (0.0365, 0.0382, 0.0130, 0.9985) 19.61361 51.80627 83.25513
12 0 221.1053 (0.0271, 29.6066, -4.5652) (-0.0170, 0.0000, -0.1497, -0.9886) (-0.0558, 30.0224, -4.5966) (0.0627, 0.0149, 0.0203, 0.9977) 0.5033474 -3.36397 99.94214
13 0 222.0385 (0.0071, 29.7707, -4.5938) (0.3170, -0.0384, -0.1165, -0.9404) (-0.0560, 30.0281, -4.6100) (0.0254, 0.0055, 0.0203, 0.9995) -0.1611471 60.52805 79.60107
14 0 223.0941 (0.0926, 29.6161, -4.5574) (0.0155, -0.1274, -0.1810, -0.9751) (-0.0511, 30.0250, -4.6083) (0.0477, 0.0229, 0.0123, 0.9985) 24.28888 7.631218 96.70478
15 0 224.3386 (-0.0417, 29.7535, -4.5897) (0.2838, 0.0864, -0.0752, -0.9520) (-0.0658, 30.0276, -4.6055) (0.0289, -0.0241, 0.0227, 0.9990) -20.70898 52.74551 82.39568
0 0 225.2053 (0.1158, 29.6999, -4.5625) (0.1286, -0.1882, -0.1576, -0.9608) (-0.0485, 30.0251, -4.6045) (0.0463, 0.0361, 0.0065, 0.9983) 32.10359 30.65324 89.60881
1 0 226.2387 (-0.0546, 29.7182, -4.5944) (0.1783, 0.1400, -0.0986, -0.9690) (-0.0628, 30.0249, -4.6042) (0.0451, -0.0288, 0.0197, 0.9984) -30.64314 31.80264 89.71951
2 0 227.2165 (0.0858, 29.7694, -4.5748) (0.2562, -0.1441, -0.1281, -0.9472) (-0.0507, 30.0268, -4.6000) (0.0361, 0.0367, 0.0092, 0.9986) 20.72601 52.2266 82.72131
3 0 228.2166 (-0.0371, 29.6471, -4.5744) (0.0524, 0.1213, -0.1186, -0.9841) (-0.0643, 30.0224, -4.5964) (0.0547, -0.0153, 0.0209, 0.9982) -25.11241 7.434924 96.50953
4 0 229.0727 (0.0127, 29.7924, -4.6020) (0.3108, -0.0393, -0.1126, -0.9430) (-0.0594, 30.0301, -4.6215) (0.0112, 0.0097, 0.0167, 0.9998) 0.4122965 59.49869 80.37249
5 0 229.8723 (0.0181, 29.6005, -4.5780) (-0.0239, 0.0048, -0.1206, -0.9924) (-0.0597, 30.0249, -4.6044) (0.0443, 0.0096, 0.0169, 0.9988) -0.3840235 -4.857989 99.8812
6 0 231.0724 (-0.0440, 29.7712, -4.5890) (0.2801, 0.0850, -0.0630, -0.9541) (-0.0653, 30.0266, -4.6074) (0.0332, -0.0072, 0.0210, 0.9992) -19.75846 52.38113 82.86025
7 0 232.1059 (0.0927, 29.6501, -4.5538) (0.0218, -0.1297, -0.1299, -0.9828) (-0.0496, 30.0246, -4.5992) (0.0500, 0.0382, 0.0052, 0.9980) 24.93596 7.651362 96.53836
8 0 233.3058 (-0.0497, 29.7145, -4.5972) (0.1758, 0.1486, -0.0815, -0.9697) (-0.0685, 30.0250, -4.6067) (0.0440, -0.0231, 0.0230, 0.9985) -31.68253 31.6827 89.40035
9 0 234.1614 (0.1055, 29.7191, -4.5715) (0.1394, -0.1792, -0.1314, -0.9650) (-0.0504, 30.0258, -4.6051) (0.0454, 0.0497, 0.0055, 0.9977) 30.92929 31.61623 89.68719
10 0 235.0169 (-0.0277, 29.6672, -4.5778) (0.0525, 0.1167, -0.1210, -0.9844) (-0.0650, 30.0222, -4.5945) (0.0607, -0.0215, 0.0248, 0.9976) -24.24824 7.5191 96.72376
11 0 235.8172 (0.0628, 29.7752, -4.5747) (0.2555, -0.1449, -0.1326, -0.9466) (-0.0594, 30.0284, -4.6025) (0.0248, 0.0278, 0.0166, 0.9992) 20.64651 52.21946 82.7457
12 0 236.8946 (0.0211, 29.6249, -4.5759) (-0.0139, 0.0041, -0.1569, -0.9875) (-0.0583, 30.0236, -4.6028) (0.0505, 0.0143, 0.0134, 0.9985) -0.3791921 -2.869712 99.9581
13 0 238.0061 (0.0268, 29.7915, -4.6196) (0.3178, -0.0290, -0.0825, -0.9441) (-0.0584, 30.0286, -4.6168) (0.0212, 0.0124, 0.0148, 0.9996) 0.2324522 60.48476 79.63379
14 0 239.0171 (0.0993, 29.6415, -4.5772) (0.0193, -0.1271, -0.1648, -0.9779) (-0.0528, 30.0243, -4.6071) (0.0488, 0.0283, 0.0100, 0.9984) 24.22686 7.971519 96.69289
15 0 239.9172 (-0.0297, 29.7638, -4.6223) (0.2822, 0.0840, -0.0960, -0.9508) (-0.0676, 30.0273, -4.6163) (0.0243, -0.0099, 0.0200, 0.9995) -21.3964 52.04568 82.66463
0 0 240.7283 (0.1060, 29.7098, -4.5714) (0.1266, -0.1883, -0.1687, -0.9592) (-0.0513, 30.0255, -4.6042) (0.0408, 0.0416, 0.0039, 0.9983) 31.84259 30.64781 89.70374
1 0 241.6171 (-0.0579, 29.7244, -4.5904) (0.1786, 0.1448, -0.1105, -0.9669) (-0.0692, 30.0240, -4.6023) (0.0459, -0.0424, 0.0245, 0.9977) -31.94422 31.33833 89.42861
2 0 242.4952 (0.0708, 29.7728, -4.5841) (0.2565, -0.1399, -0.1118, -0.9498) (-0.0545, 30.0281, -4.6073) (0.0224, 0.0258, 0.0079, 0.9994) 20.83516 51.8525 82.92897
3 0 243.4395 (-0.0192, 29.6653, -4.5835) (0.0498, 0.1145, -0.0993, -0.9872) (-0.0567, 30.0255, -4.5955) (0.0367, -0.0022, 0.0153, 0.9992) -23.58952 7.550418 96.88409
4 0 244.3952 (0.0273, 29.7895, -4.5875) (0.3126, -0.0314, -0.0765, -0.9463) (-0.0540, 30.0280, -4.5987) (0.0240, 0.0154, 0.0150, 0.9995) 1.160194 59.64009 80.26029
5 0 245.3065 (0.0297, 29.6159, -4.5802) (-0.0161, 0.0008, -0.1168, -0.9930) (-0.0558, 30.0238, -4.6025) (0.0444, 0.0104, 0.0165, 0.9988) 0.2065721 -3.209539 99.94827
6 0 246.151 (-0.0271, 29.7649, -4.6259) (0.2824, 0.0985, -0.0434, -0.9532) (-0.0607, 30.0277, -4.6164) (0.0232, -0.0001, 0.0165, 0.9996) -21.22756 52.98138 82.1119
7 0 246.9511 (0.0914, 29.6569, -4.5872) (0.0287, -0.1250, -0.1359, -0.9824) (-0.0524, 30.0257, -4.6101) (0.0377, 0.0315, 0.0089, 0.9988) 23.77787 9.029731 96.7113
-1 0 248.7176 (0.0252, 29.7154, -4.6026) (0.1546, -0.0282, -0.1051, -0.9820) (-0.0465, 30.0299, -4.6204) (-0.0021, 0.0260, 0.0131, 0.9996) 2.281889 30.9636 95.05813
0 0 249.3181 (0.0841, 29.7201, -4.6020) (0.1425, -0.1426, -0.1253, -0.9714) (-0.0446, 30.0304, -4.6234) (-0.0018, 0.0376, 0.0111, 0.9992) 24.13296 31.2599 91.87175
1 0 250.2512 (0.0179, 29.7209, -4.6060) (0.1523, 0.0014, -0.1201, -0.9810) (-0.0497, 30.0300, -4.6218) (0.0030, 0.0244, 0.0138, 0.9996) -3.936668 29.84425 95.36154
2 0 251.0733 (0.0325, 29.7357, -4.5978) (0.1813, -0.0542, -0.1245, -0.9740) (-0.0541, 30.0299, -4.6182) (0.0045, 0.0256, 0.0151, 0.9995) 6.036757 36.66615 92.83938
3 0 251.829 (0.0062, 29.7113, -4.5941) (0.1238, 0.0222, -0.1158, -0.9853) (-0.0555, 30.0289, -4.6131) (0.0108, 0.0217, 0.0166, 0.9996) -7.232048 23.88944 96.83487
4 0 252.6848 (0.0183, 29.7861, -4.6240) (0.3403, -0.0282, -0.0671, -0.9375) (-0.0542, 30.0300, -4.6175) (0.0062, 0.0221, 0.0165, 0.9996) 0.7184267 64.18803 76.67712
5 0 253.707 (0.0279, 29.7163, -4.5929) (0.1226, -0.0141, -0.1256, -0.9844) (-0.0559, 30.0291, -4.6152) (0.0126, 0.0228, 0.0164, 0.9995) -0.2999466 24.49366 96.95345
6 0 254.407 (0.0119, 29.7395, -4.6078) (0.2099, 0.0262, -0.1003, -0.9722) (-0.0580, 30.0289, -4.6145) (0.0140, 0.0216, 0.0184, 0.9995) -9.303731 40.28041 91.05454
7 0 255.0292 (0.0404, 29.7137, -4.5876) (0.1054, -0.0578, -0.1206, -0.9854) (-0.0570, 30.0285, -4.6116) (0.0162, 0.0258, 0.0170, 0.9994) 8.855153 22.16775 97.1091
8 0 256.2848 (0.0189, 29.7267, -4.5912) (0.1524, 0.0034, -0.1190, -0.9811) (-0.0572, 30.0281, -4.6100) (0.0189, 0.0222, 0.0162, 0.9994) -4.289043 29.81749 95.35471
9 0 256.9074 (0.0724, 29.7294, -4.5804) (0.1425, -0.1453, -0.1377, -0.9693) (-0.0574, 30.0278, -4.6072) (0.0223, 0.0257, 0.0157, 0.9993) 24.2438 31.62515 91.71744
10 0 257.6179 (0.0135, 29.7168, -4.5800) (0.1196, 0.0236, -0.1277, -0.9843) (-0.0566, 30.0269, -4.6034) (0.0254, 0.0192, 0.0161, 0.9994) -7.696831 22.9323 97.03024
11 0 258.3512 (0.0264, 29.7366, -4.5786) (0.1810, -0.0464, -0.1047, -0.9768) (-0.0586, 30.0271, -4.6005) (0.0263, 0.0230, 0.0171, 0.9992) 5.268407 36.32576 93.0198
12 0 259.1632 (0.0210, 29.7194, -4.5707) (0.1166, -0.0142, -0.1230, -0.9854) (-0.0573, 30.0267, -4.5994) (0.0273, 0.0185, 0.0167, 0.9993) -0.07254723 23.32709 97.24115
13 0 259.8852 (0.0179, 29.7617, -4.6027) (0.3416, -0.0246, -0.0624, -0.9374) (-0.0582, 30.0272, -4.6006) (0.0236, 0.0164, 0.0173, 0.9994) 0.3571771 64.35456 76.53995
14 0 260.7295 (0.0328, 29.7094, -4.5601) (0.1033, -0.0570, -0.1427, -0.9827) (-0.0569, 30.0260, -4.5978) (0.0316, 0.0167, 0.0185, 0.9992) 8.258666 21.93677 97.21406
15 0 261.5185 (0.0021, 29.7378, -4.5790) (0.2062, 0.0265, -0.1020, -0.9728) (-0.0581, 30.0257, -4.5969) (0.0340, 0.0132, 0.0174, 0.9992) -9.365652 39.58436 91.35296
0 0 262.1186 (0.0779, 29.7236, -4.5775) (0.1420, -0.1597, -0.1202, -0.9695) (-0.0583, 30.0257, -4.6007) (0.0349, 0.0208, 0.0197, 0.9990) 27.55792 31.36465 90.86704
1 0 263.3963 (0.0105, 29.7222, -4.5918) (0.1526, 0.0045, -0.1064, -0.9825) (-0.0614, 30.0254, -4.6048) (0.0352, 0.0174, 0.0200, 0.9990) -4.134255 29.88354 95.34087
2 0 263.9854 (0.0305, 29.7345, -4.5810) (0.1818, -0.0465, -0.1029, -0.9768) (-0.0595, 30.0256, -4.5994) (0.0336, 0.0195, 0.0192, 0.9991) 5.344155 36.47167 92.95837
3 0 264.73 (0.0174, 29.7135, -4.5767) (0.1201, 0.0209, -0.1104, -0.9864) (-0.0563, 30.0250, -4.5983) (0.0379, 0.0171, 0.0164, 0.9990) -6.773392 23.23849 97.02625
4 0 265.4301 (0.0238, 29.7633, -4.6114) (0.3355, -0.0268, -0.0772, -0.9385) (-0.0574, 30.0261, -4.6032) (0.0312, 0.0197, 0.0173, 0.9992) -0.1397979 63.3821 77.34785
5 0 266.2967 (0.0257, 29.7054, -4.5786) (0.1188, -0.0170, -0.1412, -0.9827) (-0.0591, 30.0245, -4.5997) (0.0392, 0.0195, 0.0177, 0.9989) -0.01923852 23.82872 97.11947
6 0 266.8744 (0.0107, 29.7309, -4.5830) (0.2076, 0.0225, -0.1164, -0.9710) (-0.0604, 30.0242, -4.5955) (0.0403, 0.0159, 0.0193, 0.9989) -9.193213 39.79342 91.27962
7 0 267.741 (0.0411, 29.7037, -4.5595) (0.1055, -0.0559, -0.1138, -0.9863) (-0.0583, 30.0236, -4.5920) (0.0435, 0.0172, 0.0164, 0.9988) 8.622148 22.08613 97.14866
8 0 268.5965 (0.0128, 29.7230, -4.5759) (0.1556, 0.0037, -0.1050, -0.9822) (-0.0610, 30.0245, -4.5978) (0.0397, 0.0137, 0.0181, 0.9990) -3.988406 30.48188 95.15749
9 0 269.2079 (0.0659, 29.7235, -4.5750) (0.1428, -0.1458, -0.1236, -0.9711) (-0.0611, 30.0245, -4.5995) (0.0402, 0.0216, 0.0182, 0.9988) 24.78397 31.33611 91.67226
10 0 269.908 (0.0023, 29.7109, -4.5735) (0.1193, 0.0235, -0.1064, -0.9869) (-0.0610, 30.0239, -4.5963) (0.0434, 0.0149, 0.0193, 0.9988) -7.182099 23.04078 97.04401
11 0 270.5633 (0.0222, 29.7354, -4.5776) (0.1851, -0.0490, -0.0867, -0.9777) (-0.0605, 30.0242, -4.5968) (0.0416, 0.0166, 0.0177, 0.9988) 6.367426 37.04158 92.6681
12 0 271.3524 (0.0195, 29.7163, -4.5831) (0.1221, -0.0152, -0.1113, -0.9861) (-0.0588, 30.0248, -4.6031) (0.0401, 0.0170, 0.0173, 0.9989) 0.286098 24.41205 96.97407
13 0 272.0412 (0.0099, 29.7650, -4.6255) (0.3388, -0.0193, -0.0585, -0.9388) (-0.0621, 30.0261, -4.6102) (0.0310, 0.0158, 0.0192, 0.9992) -0.3459856 63.84283 76.96736
14 0 272.7082 (0.0227, 29.7023, -4.5862) (0.1048, -0.0538, -0.1199, -0.9858) (-0.0629, 30.0250, -4.6059) (0.0383, 0.0198, 0.0203, 0.9989) 8.086171 21.94629 97.22641
15 0 273.2745 (-0.0005, 29.7280, -4.5994) (0.2014, 0.0280, -0.0925, -0.9747) (-0.0614, 30.0247, -4.6053) (0.0399, 0.0151, 0.0184, 0.9989) -9.188123 38.73864 91.73274
0 0 273.808 (0.0627, 29.7168, -4.5816) (0.1485, -0.1407, -0.1326, -0.9698) (-0.0609, 30.0247, -4.6042) (0.0414, 0.0235, 0.0168, 0.9987) 23.34995 32.53697 91.63038
1 0 274.7306 (0.0072, 29.7169, -4.5889) (0.1551, 0.0054, -0.1059, -0.9822) (-0.0613, 30.0249, -4.6051) (0.0407, 0.0142, 0.0178, 0.9989) -4.341271 30.3496 95.18432
2 0 275.2859 (0.0230, 29.7281, -4.5853) (0.1839, -0.0509, -0.1032, -0.9762) (-0.0625, 30.0246, -4.6024) (0.0412, 0.0173, 0.0185, 0.9988) 6.144345 36.9462 92.72122
3 0 275.8864 (-0.0001, 29.7035, -4.5810) (0.1190, 0.0222, -0.1054, -0.9870) (-0.0619, 30.0236, -4.5981) (0.0448, 0.0141, 0.0180, 0.9987) -6.896335 23.0159 97.07064
4 0 276.7859 (0.0059, 29.7683, -4.6047) (0.3432, -0.0239, -0.0594, -0.9371) (-0.0631, 30.0250, -4.5996) (0.0383, 0.0141, 0.0190, 0.9990) 0.3983952 64.60772 76.32616
5 0 277.6195 (0.0196, 29.6976, -4.5649) (0.1208, -0.0124, -0.1128, -0.9862) (-0.0590, 30.0235, -4.5914) (0.0478, 0.0153, 0.0144, 0.9986) -0.2842093 24.097 97.05284
6 0 278.5971 (0.0067, 29.7204, -4.5855) (0.2029, 0.0284, -0.0891, -0.9747) (-0.0593, 30.0235, -4.5947) (0.0457, 0.0148, 0.0150, 0.9987) -9.148211 39.05071 91.60432
7 0 279.4749 (0.0389, 29.6959, -4.5734) (0.1036, -0.0531, -0.1270, -0.9851) (-0.0586, 30.0231, -4.5969) (0.0483, 0.0201, 0.0136, 0.9985) 7.835399 21.75454 97.29002
8 0 280.2863 (0.0129, 29.7116, -4.5833) (0.1550, 0.0033, -0.1199, -0.9806) (-0.0619, 30.0237, -4.5991) (0.0460, 0.0158, 0.0165, 0.9987) -4.371433 30.3283 95.18973
9 0 280.8975 (0.0604, 29.7153, -4.5756) (0.1457, -0.1447, -0.1265, -0.9705) (-0.0622, 30.0236, -4.5979) (0.0461, 0.0215, 0.0171, 0.9986) 24.39378 31.93283 91.57095
10 0 281.6088 (0.0049, 29.7042, -4.5803) (0.1186, 0.0217, -0.1128, -0.9863) (-0.0612, 30.0237, -4.5982) (0.0463, 0.0135, 0.0178, 0.9987) -6.958147 22.91082 97.09108
11 0 282.2531 (0.0205, 29.7263, -4.5859) (0.1821, -0.0484, -0.1050, -0.9765) (-0.0629, 30.0238, -4.6003) (0.0445, 0.0165, 0.0202, 0.9987) 5.621598 36.58368 92.89796
12 0 283.042 (0.0137, 29.7065, -4.5846) (0.1198, -0.0113, -0.1089, -0.9867) (-0.0608, 30.0239, -4.6009) (0.0450, 0.0148, 0.0169, 0.9987) -0.3771898 23.8906 97.10354
13 0 283.7309 (0.0129, 29.7566, -4.6255) (0.3396, -0.0183, -0.0455, -0.9393) (-0.0632, 30.0252, -4.6067) (0.0354, 0.0136, 0.0189, 0.9991) 0.3485678 63.96645 76.86463
14 0 284.4642 (0.0253, 29.6971, -4.5868) (0.1038, -0.0543, -0.1142, -0.9865) (-0.0638, 30.0242, -4.6043) (0.0427, 0.0191, 0.0185, 0.9987) 8.335525 21.72158 97.25581
15 0 285.3535 (-0.0016, 29.7224, -4.5946) (0.2064, 0.0272, -0.0965, -0.9733) (-0.0631, 30.0245, -4.6029) (0.0418, 0.0108, 0.0185, 0.9989) -9.28651 39.64838 91.33327
0 0 285.9867 (0.0685, 29.7113, -4.5784) (0.1446, -0.1441, -0.1206, -0.9715) (-0.0571, 30.0240, -4.6014) (0.0460, 0.0221, 0.0132, 0.9986) 24.5081 31.57829 91.66332
1 0 286.8753 (0.0099, 29.7099, -4.5914) (0.1547, 0.0054, -0.1036, -0.9825) (-0.0581, 30.0241, -4.6047) (0.0452, 0.0101, 0.0146, 0.9988) -4.259579 30.28308 95.2092
2 0 287.4976 (0.0251, 29.7243, -4.5967) (0.1861, -0.0497, -0.1049, -0.9756) (-0.0599, 30.0244, -4.6067) (0.0448, 0.0127, 0.0156, 0.9988) 5.797968 37.36601 92.57519
3 0 288.3535 (0.0053, 29.7024, -4.5997) (0.1204, 0.0209, -0.1117, -0.9862) (-0.0602, 30.0239, -4.6074) (0.0456, 0.0114, 0.0156, 0.9988) -6.805222 23.27422 97.01546
4 1 289.0757 (0.0164, 29.7589, -4.6174) (0.3506, -0.0239, -0.0692, -0.9337) (-0.0594, 30.0249, -4.6035) (0.0400, 0.0113, 0.0153, 0.9990) -0.3506411 65.22122 75.29826
5 1 290.4536 (0.0285, 29.6972, -4.5751) (0.1209, -0.0140, -0.1145, -0.9859) (-0.0555, 30.0224, -4.5950) (0.0536, 0.0126, 0.0133, 0.9984) 0.01477491 24.19676 97.03574
6 1 291.1203 (0.0139, 29.7224, -4.5946) (0.2055, 0.0305, -0.0873, -0.9743) (-0.0559, 30.0230, -4.5989) (0.0520, 0.0097, 0.0143, 0.9985) -9.008361 39.14059 91.36649
7 1 291.9538 (0.0379, 29.6931, -4.5825) (0.1094, -0.0523, -0.1133, -0.9861) (-0.0569, 30.0232, -4.6023) (0.0521, 0.0166, 0.0142, 0.9984) 8.150932 22.64211 97.05881
8 1 293.3542 (0.0163, 29.7054, -4.5975) (0.1531, 0.0047, -0.1116, -0.9819) (-0.0583, 30.0233, -4.6073) (0.0519, 0.0091, 0.0144, 0.9985) -4.208 30.19919 95.30853
9 1 293.9872 (0.0721, 29.7077, -4.5943) (0.1430, -0.1435, -0.1143, -0.9726) (-0.0545, 30.0228, -4.6065) (0.0543, 0.0223, 0.0115, 0.9982) 24.4272 30.84337 91.79111
10 1 294.6317 (0.0160, 29.6978, -4.5950) (0.1198, 0.0253, -0.1161, -0.9857) (-0.0555, 30.0227, -4.6063) (0.0549, 0.0109, 0.0131, 0.9983) -7.116677 22.90991 97.00282
11 1 295.3871 (0.0264, 29.7175, -4.5918) (0.1782, -0.0520, -0.1169, -0.9756) (-0.0585, 30.0231, -4.6033) (0.0513, 0.0110, 0.0149, 0.9985) 5.96178 36.04269 93.10559
12 1 296.9876 (0.0232, 29.7096, -4.5851) (0.1162, -0.0179, -0.1222, -0.9855) (-0.0580, 30.0232, -4.6005) (0.0493, 0.0108, 0.0157, 0.9986) 0.3799089 23.589 97.23315
13 1 297.6659 (0.0216, 29.7566, -4.6150) (0.3384, -0.0342, -0.0672, -0.9380) (-0.0598, 30.0241, -4.6032) (0.0437, 0.0088, 0.0173, 0.9989) 2.294119 64.41072 76.86572
14 1 298.4764 (0.0423, 29.7006, -4.5843) (0.0988, -0.0572, -0.1155, -0.9867) (-0.0568, 30.0221, -4.6011) (0.0544, 0.0116, 0.0144, 0.9983) 8.666201 21.17966 97.39449
15 1 299.3208 (0.0165, 29.7277, -4.6082) (0.2041, 0.0236, -0.0890, -0.9746) (-0.0580, 30.0227, -4.6073) (0.0537, 0.0121, 0.0153, 0.9984) -8.338931 39.47318 91.55442
0 1 299.9762 (0.0781, 29.7160, -4.5974) (0.1416, -0.1498, -0.1105, -0.9723) (-0.0561, 30.0231, -4.6090) (0.0529, 0.0221, 0.0143, 0.9983) 26.474 30.83437 91.50344
1 1 301.1548 (0.0125, 29.7090, -4.5713) (0.1546, 0.0056, -0.0935, -0.9835) (-0.0581, 30.0210, -4.5891) (0.0625, 0.0141, 0.0154, 0.9978) -4.172631 30.25457 95.21249
2 1 301.732 (0.0284, 29.7192, -4.5601) (0.1861, -0.0490, -0.0951, -0.9767) (-0.0586, 30.0207, -4.5828) (0.0644, 0.0136, 0.0158, 0.9977) 5.609399 36.61034 92.59428
3 1 302.6209 (0.0130, 29.7022, -4.5843) (0.1206, 0.0222, -0.0964, -0.9878) (-0.0570, 30.0214, -4.5971) (0.0598, 0.0121, 0.0148, 0.9980) -6.585106 23.51801 96.99355
4 1 303.2988 (0.0036, 29.7516, -4.6200) (0.3427, -0.0364, -0.1082, -0.9325) (-0.0632, 30.0230, -4.6019) (0.0506, 0.0100, 0.0181, 0.9985) -0.737195 64.53872 76.2516
5 1 304.9544 (0.0136, 29.7022, -4.6077) (0.1203, -0.0191, -0.1304, -0.9839) (-0.0630, 30.0235, -4.6113) (0.0458, 0.0114, 0.0189, 0.9987) 0.5868388 24.23207 97.03138
6 1 305.5102 (0.0050, 29.7261, -4.6308) (0.2074, 0.0267, -0.1016, -0.9726) (-0.0588, 30.0243, -4.6193) (0.0437, 0.0075, 0.0154, 0.9989) -9.07667 39.72597 91.25515
7 1 306.4437 (0.0380, 29.7011, -4.6134) (0.1051, -0.0521, -0.1141, -0.9865) (-0.0540, 30.0232, -4.6172) (0.0487, 0.0126, 0.0134, 0.9986) 8.218308 21.98439 97.2475
8 1 307.3104 (0.0114, 29.7129, -4.6241) (0.1550, 0.0059, -0.1073, -0.9820) (-0.0594, 30.0236, -4.6184) (0.0461, 0.0067, 0.0174, 0.9988) -4.629154 29.86078 95.187
9 1 308.0436 (0.0684, 29.7166, -4.6178) (0.1505, -0.1502, -0.1244, -0.9692) (-0.0574, 30.0234, -4.6168) (0.0493, 0.0135, 0.0168, 0.9986) 24.8726 32.84397 90.95684
10 1 308.8882 (0.0065, 29.7010, -4.6208) (0.1197, 0.0235, -0.0961, -0.9879) (-0.0566, 30.0228, -4.6149) (0.0515, 0.0074, 0.0155, 0.9985) -7.020634 23.06014 97.02311
11 1 309.6213 (0.0278, 29.7216, -4.6161) (0.1795, -0.0466, -0.0917, -0.9784) (-0.0563, 30.0235, -4.6126) (0.0486, 0.0097, 0.0153, 0.9987) 5.770345 36.18112 93.12355
12 1 310.4769 (0.0154, 29.7037, -4.6036) (0.1200, -0.0087, -0.1000, -0.9877) (-0.0579, 30.0226, -4.6077) (0.0510, 0.0068, 0.0159, 0.9985) -0.5202774 23.63285 97.10473
13 1 311.2659 (0.0173, 29.7516, -4.6275) (0.3319, -0.0243, -0.0525, -0.9415) (-0.0584, 30.0234, -4.6061) (0.0479, 0.0071, 0.0170, 0.9987) 1.548793 62.388 77.85323
14 1 312.0769 (0.0310, 29.6969, -4.5884) (0.1072, -0.0516, -0.1102, -0.9868) (-0.0556, 30.0230, -4.6032) (0.0514, 0.0134, 0.0145, 0.9985) 8.125031 22.25894 97.16798
15 1 312.8545 (0.0021, 29.7197, -4.6103) (0.2042, 0.0258, -0.0907, -0.9744) (-0.0611, 30.0231, -4.6064) (0.0494, 0.0066, 0.0195, 0.9986) -8.549191 39.33454 91.53011
0 1 313.5991 (0.0674, 29.7118, -4.5983) (0.1327, -0.1498, -0.1260, -0.9716) (-0.0585, 30.0231, -4.6089) (0.0522, 0.0119, 0.0166, 0.9984) 25.74646 29.93839 91.99034
1 1 314.5443 (0.0106, 29.7113, -4.6072) (0.1523, -0.0012, -0.1273, -0.9801) (-0.0597, 30.0237, -4.6123) (0.0466, 0.0023, 0.0149, 0.9988) -3.993203 29.7343 95.35958
2 1 315.2216 (0.0136, 29.7155, -4.5936) (0.1824, -0.0561, -0.1176, -0.9746) (-0.0681, 30.0192, -4.6021) (0.0468, 0.0042, 0.0156, 0.9988) 6.228686 36.66318 92.71673
3 1 316.0548 (-0.0024, 29.6974, -4.5911) (0.1223, 0.0173, -0.1237, -0.9846) (-0.0658, 30.0195, -4.5999) (0.0522, 0.0046, 0.0160, 0.9985) -6.957311 23.20518 96.94708
4 1 316.8326 (0.0071, 29.7450, -4.6237) (0.3452, -0.0281, -0.0660, -0.9358) (-0.0666, 30.0195, -4.6050) (0.0510, 0.0078, 0.0171, 0.9985) 0.7416574 64.71389 76.00797
5 1 317.844 (0.0141, 29.6953, -4.5937) (0.1186, -0.0152, -0.1393, -0.9830) (-0.0640, 30.0192, -4.6048) (0.0524, 0.0101, 0.0156, 0.9984) -0.1303407 23.87459 97.14014
6 1 318.544 (-0.0009, 29.7134, -4.6009) (0.2025, 0.0231, -0.1142, -0.9723) (-0.0656, 30.0195, -4.6021) (0.0516, 0.0067, 0.0152, 0.9985) -8.52653 38.96759 91.68858
7 1 319.2772 (0.0355, 29.6919, -4.5799) (0.1062, -0.0572, -0.1456, -0.9820) (-0.0624, 30.0192, -4.5976) (0.0553, 0.0131, 0.0130, 0.9983) 8.366768 22.36126 97.08839
8 1 320.7329 (0.0090, 29.7008, -4.5711) (0.1526, 0.0005, -0.1351, -0.9790) (-0.0634, 30.0183, -4.5896) (0.0576, 0.0068, 0.0128, 0.9982) -3.908126 29.6428 95.34138
9 1 321.5774 (0.0579, 29.7056, -4.5525) (0.1363, -0.1570, -0.1409, -0.9680) (-0.0641, 30.0178, -4.5821) (0.0601, 0.0103, 0.0150, 0.9980) 26.97959 31.50886 91.35612
10 1 322.2665 (-0.0057, 29.6933, -4.5748) (0.1175, 0.0168, -0.1357, -0.9836) (-0.0654, 30.0186, -4.5924) (0.0566, 0.0005, 0.0170, 0.9982) -6.293633 22.74246 97.18295
11 1 323.0442 (0.0126, 29.7164, -4.5894) (0.1780, -0.0514, -0.1261, -0.9746) (-0.0662, 30.0191, -4.6019) (0.0564, 0.0015, 0.0184, 0.9982) 5.827209 36.45947 93.13294
12 1 323.9776 (-0.0025, 29.6983, -4.5913) (0.1163, -0.0147, -0.1381, -0.9835) (-0.0703, 30.0191, -4.6028) (0.0524, -0.0017, 0.0206, 0.9984) -0.2861481 23.37921 97.25181
13 1 324.8667 (-0.0095, 29.7458, -4.6360) (0.3370, -0.0545, -0.1385, -0.9297) (-0.0708, 30.0206, -4.6127) (0.0425, -0.0023, 0.0203, 0.9989) 0.886658 64.67042 76.68887
14 1 325.6219 (0.0183, 29.6906, -4.6028) (0.1054, -0.0568, -0.1532, -0.9809) (-0.0642, 30.0196, -4.6129) (0.0511, 0.0034, 0.0154, 0.9986) 8.138752 22.40898 97.13353
15 1 326.5442 (-0.0108, 29.7076, -4.6059) (0.2051, 0.0194, -0.1369, -0.9689) (-0.0659, 30.0196, -4.6074) (0.0504, -0.0024, 0.0159, 0.9986) -9.195698 39.00645 91.51196
0 1 327.1998 (0.0526, 29.7013, -4.5814) (0.1345, -0.1455, -0.1207, -0.9727) (-0.0656, 30.0190, -4.6002) (0.0556, 0.0126, 0.0166, 0.9982) 25.17134 29.60275 92.14819
1 1 328.7887 (-0.0041, 29.7042, -4.6026) (0.1573, 0.0042, -0.1162, -0.9807) (-0.0662, 30.0182, -4.6040) (0.0574, 0.0083, 0.0175, 0.9982) -4.461377 30.36232 95.05023
2 1 329.5442 (0.0176, 29.7183, -4.6137) (0.1823, -0.0557, -0.1213, -0.9741) (-0.0640, 30.0192, -4.6116) (0.0555, 0.0102, 0.0173, 0.9983) 6.125184 36.75718 92.73494
3 1 330.4332 (-0.0079, 29.6978, -4.6148) (0.1221, 0.0198, -0.1282, -0.9840) (-0.0666, 30.0185, -4.6120) (0.0580, 0.0047, 0.0189, 0.9981) -6.889843 23.46347 96.93851
4 1 331.2666 (0.0005, 29.7434, -4.6359) (0.3420, -0.0351, -0.0815, -0.9355) (-0.0674, 30.0198, -4.6097) (0.0501, 0.0042, 0.0191, 0.9986) 0.7903968 65.04761 76.36201
5 1 332.0554 (0.0066, 29.6954, -4.6047) (0.1162, -0.0123, -0.1095, -0.9871) (-0.0664, 30.0185, -4.6072) (0.0585, 0.0061, 0.0187, 0.9981) 0.1673587 23.51839 97.27151
6 1 332.9111 (-0.0104, 29.7149, -4.6174) (0.2066, 0.0288, -0.0882, -0.9740) (-0.0689, 30.0187, -4.6094) (0.0570, -0.0009, 0.0189, 0.9982) -9.030008 39.46595 91.29533
7 1 333.7445 (0.0253, 29.6884, -4.5875) (0.1044, -0.0549, -0.1307, -0.9844) (-0.0608, 30.0177, -4.6024) (0.0646, 0.0049, 0.0094, 0.9979) 8.1715 22.3482 97.21763
