Fitts Law Experiment
Subject N: CABD
FOV: 87.95474
Width: 1920
Height: 1080
XRHieght: 1600
XRWidth: 1344
Target# Filter? Time Touch Pos Touch Rot Head Pos Head Rot xfilter yfilter zfilter
-1 1 11.25138 (0.2795, 29.5698, -3.6624) (-0.1495, -0.0427, -0.1413, 0.9777) (0.1370, 29.9793, -4.2237) (-0.0062, -0.0820, 0.0200, -0.9964) -3.295377 30.45113 95.16667
0 1 12.41816 (0.3339, 29.5799, -3.6562) (-0.1919, 0.1412, -0.1244, 0.9632) (0.1331, 29.9797, -4.2232) (-0.0064, -0.0888, 0.0141, -0.9959) 32.35655 32.59701 88.6442
1 1 13.22923 (0.2236, 29.5812, -3.7040) (-0.1450, -0.2017, -0.1147, 0.9618) (0.1108, 29.9799, -4.2318) (-0.0094, 0.0664, 0.0068, -0.9977) -34.92885 32.73322 87.65705
2 1 14.36278 (0.3125, 29.6206, -3.7067) (-0.2913, 0.0765, -0.1017, 0.9481) (0.1274, 29.9822, -4.2375) (0.0115, -0.0420, 0.0164, -0.9989) 19.93006 53.83132 81.85667
3 1 15.27405 (0.2251, 29.5351, -3.6883) (-0.0269, -0.1435, -0.0488, 0.9881) (0.1070, 29.9768, -4.2263) (-0.0357, 0.0484, -0.0020, -0.9982) -28.43703 7.146992 95.73997
4 1 16.14066 (0.2599, 29.6139, -3.7144) (-0.3246, -0.0187, -0.0484, 0.9444) (0.1167, 29.9802, -4.2282) (-0.0097, 0.0204, 0.0103, -0.9997) -0.1738973 62.00745 78.85131
5 1 16.95182 (0.2669, 29.4976, -3.6510) (0.0274, -0.0001, -0.0726, 0.9970) (0.1176, 29.9762, -4.2174) (-0.0402, 0.0120, 0.0056, -0.9991) -0.7122514 -5.704605 99.8494
6 1 17.79635 (0.2263, 29.5957, -3.7188) (-0.2809, -0.1370, -0.0512, 0.9485) (0.1135, 29.9778, -4.2245) (-0.0281, 0.0347, 0.0015, -0.9990) -23.07108 54.62429 80.46927
7 1 18.52958 (0.3180, 29.5143, -3.6517) (-0.0453, 0.1229, -0.0558, 0.9898) (0.1203, 29.9765, -4.2246) (-0.0396, -0.0062, 0.0127, -0.9991) 24.81143 7.619189 96.57011
8 1 19.32956 (0.2026, 29.5631, -3.7148) (-0.1584, -0.1896, -0.0596, 0.9672) (0.1110, 29.9773, -4.2262) (-0.0333, 0.0469, 0.0019, -0.9983) -35.02246 32.7681 87.78963
9 1 20.17453 (0.3416, 29.5654, -3.6599) (-0.1800, 0.1554, -0.0444, 0.9703) (0.1225, 29.9780, -4.2191) (-0.0308, -0.0218, 0.0166, -0.9991) 31.81201 32.70214 88.69267
10 1 20.92962 (0.2288, 29.5233, -3.6737) (-0.0294, -0.1392, -0.0289, 0.9894) (0.1134, 29.9787, -4.2165) (-0.0278, 0.0325, 0.0036, -0.9991) -27.82155 6.77929 95.95302
11 1 21.62972 (0.3113, 29.6140, -3.6848) (-0.2864, 0.1002, -0.0317, 0.9523) (0.1197, 29.9810, -4.2220) (-0.0134, -0.0104, 0.0122, -0.9998) 20.97984 53.98589 81.58298
12 1 22.41891 (0.2773, 29.4882, -3.6402) (0.0217, -0.0053, -0.0535, 0.9983) (0.1200, 29.9770, -4.2109) (-0.0405, 0.0040, 0.0071, -0.9991) -1.872944 -4.179182 99.90067
13 1 23.35224 (0.2710, 29.6233, -3.7095) (-0.3334, -0.0184, -0.0369, 0.9419) (0.1206, 29.9823, -4.2234) (0.0011, 0.0070, 0.0085, -0.9999) -1.361607 62.47078 77.70425
14 1 24.12006 (0.3280, 29.5161, -3.6412) (-0.0381, 0.1190, -0.0765, 0.9892) (0.1246, 29.9802, -4.2198) (-0.0159, -0.0185, 0.0124, -0.9996) 24.77954 6.195846 96.87693
15 1 24.84113 (0.2287, 29.6007, -3.7170) (-0.2831, -0.1362, -0.0319, 0.9488) (0.1161, 29.9815, -4.2237) (-0.0039, 0.0367, 0.0043, -0.9993) -23.85272 54.49253 80.25999
0 1 25.6299 (0.3476, 29.5682, -3.6563) (-0.1725, 0.1621, -0.0354, 0.9709) (0.1254, 29.9796, -4.2193) (-0.0220, -0.0360, 0.0179, -0.9989) 33.29591 32.34445 88.79751
1 1 26.57476 (0.2131, 29.5681, -3.7066) (-0.1605, -0.1794, -0.0138, 0.9705) (0.1135, 29.9806, -4.2235) (-0.0142, 0.0404, -0.0005, -0.9991) -34.80377 32.13846 88.40939
2 1 27.30795 (0.3177, 29.6193, -3.6894) (-0.2837, 0.0998, -0.0290, 0.9533) (0.1220, 29.9821, -4.2242) (-0.0062, -0.0295, 0.0129, -0.9995) 20.73528 54.03356 81.91501
3 1 28.03048 (0.2265, 29.5252, -3.6786) (-0.0308, -0.1390, -0.0192, 0.9896) (0.1172, 29.9808, -4.2181) (-0.0161, 0.0197, 0.0036, -0.9997) -27.13507 7.227152 95.9453
4 1 28.76361 (0.2623, 29.6299, -3.7002) (-0.3273, -0.0117, -0.0068, 0.9448) (0.1167, 29.9836, -4.2185) (0.0073, 0.0132, 0.0049, -0.9999) -1.882069 62.24356 78.55395
5 1 29.54154 (0.2684, 29.4735, -3.6270) (0.0295, 0.0010, -0.0242, 0.9993) (0.1158, 29.9785, -4.2044) (-0.0278, 0.0029, 0.0015, -0.9996) -0.1316615 -5.414506 99.82621
6 1 30.26368 (0.2134, 29.6104, -3.7082) (-0.2837, -0.1274, -0.0111, 0.9503) (0.1104, 29.9809, -4.2195) (-0.0082, 0.0319, -0.0027, -0.9995) -23.26327 53.97377 80.65289
7 1 31.06409 (0.3320, 29.4986, -3.6211) (-0.0292, 0.1226, -0.0210, 0.9918) (0.1179, 29.9792, -4.2123) (-0.0259, -0.0254, 0.0064, -0.9993) 24.77486 6.347664 96.82372
8 1 31.84175 (0.1834, 29.5740, -3.6983) (-0.1654, -0.1798, -0.0110, 0.9696) (0.1087, 29.9816, -4.2174) (-0.0100, 0.0453, -0.0057, -0.9989) -34.45145 31.95777 88.05992
9 1 33.57509 (0.3563, 29.5753, -3.6420) (-0.1632, 0.1668, -0.0074, 0.9724) (0.1228, 29.9802, -4.2144) (-0.0217, -0.0609, 0.0084, -0.9979) 32.23153 31.3372 89.10707
10 1 34.31975 (0.2083, 29.5211, -3.6786) (-0.0385, -0.1361, 0.0135, 0.9899) (0.1102, 29.9791, -4.2172) (-0.0264, 0.0280, -0.0028, -0.9993) -26.43394 7.31699 96.00214
11 1 35.14185 (0.3186, 29.6454, -3.6854) (-0.2789, 0.1064, 0.0119, 0.9543) (0.1184, 29.9807, -4.2313) (-0.0138, -0.0302, 0.0097, -0.9994) 20.00857 53.259 82.18113
12 1 36.03073 (0.2731, 29.4822, -3.6533) (0.0306, -0.0052, -0.0180, 0.9994) (0.1165, 29.9785, -4.2204) (-0.0281, -0.0085, 0.0041, -0.9996) -1.147053 -5.627279 99.80733
13 1 36.83056 (0.2660, 29.6644, -3.7212) (-0.3289, -0.0182, -0.0061, 0.9442) (0.1165, 29.9812, -4.2300) (-0.0075, 0.0002, 0.0039, -1.0000) -2.204569 61.85585 78.29807
14 1 38.30853 (0.3313, 29.5040, -3.6356) (-0.0348, 0.1235, 0.0026, 0.9917) (0.1165, 29.9794, -4.2191) (-0.0219, -0.0142, 0.0018, -0.9997) 24.34539 6.983771 96.70751
15 1 39.07543 (0.2155, 29.6310, -3.7229) (-0.2856, -0.1225, 0.0049, 0.9505) (0.1108, 29.9820, -4.2309) (-0.0022, 0.0321, 0.0005, -0.9995) -23.61034 53.76468 80.68836
0 1 39.82008 (0.3652, 29.5760, -3.6586) (-0.1696, 0.1713, 0.0276, 0.9701) (0.1146, 29.9811, -4.2259) (-0.0078, -0.0123, 0.0072, -0.9999) 31.91643 33.65691 88.38027
1 1 40.70845 (0.1891, 29.5798, -3.7044) (-0.1698, -0.1773, 0.0142, 0.9693) (0.1104, 29.9810, -4.2210) (-0.0058, 0.0260, -0.0038, -0.9996) -34.31028 32.3836 87.94504
2 1 41.4309 (0.3142, 29.6496, -3.6637) (-0.2803, 0.1088, 0.0076, 0.9537) (0.1089, 29.9824, -4.2216) (-0.0002, -0.0014, 0.0011, -1.0000) 20.75849 53.99275 81.92077
3 1 42.26434 (0.2039, 29.5126, -3.6659) (-0.0469, -0.1320, 0.0412, 0.9893) (0.1073, 29.9799, -4.2073) (-0.0180, 0.0320, -0.0046, -0.9993) -26.52329 8.913944 96.07325
4 1 43.11952 (0.2507, 29.6524, -3.6785) (-0.3238, 0.0042, 0.0327, 0.9456) (0.1090, 29.9815, -4.2152) (-0.0054, 0.0249, -0.0019, -0.9997) -0.6196699 60.94121 79.03251
5 1 43.96431 (0.2545, 29.4733, -3.6396) (0.0181, -0.0057, 0.0398, 0.9990) (0.1088, 29.9793, -4.2106) (-0.0229, 0.0203, -0.0024, -0.9995) -1.330591 -4.035258 99.92827
6 1 44.74255 (0.2029, 29.6359, -3.7135) (-0.2833, -0.1167, 0.0167, 0.9517) (0.1081, 29.9809, -4.2260) (-0.0057, 0.0306, -0.0061, -0.9995) -23.05846 53.55082 81.22059
7 1 45.60902 (0.3421, 29.4902, -3.6410) (-0.0245, 0.1223, 0.0506, 0.9909) (0.1117, 29.9802, -4.2254) (-0.0130, 0.0097, -0.0023, -0.9999) 23.88116 6.802588 96.88643
8 1 46.36469 (0.1714, 29.5759, -3.7098) (-0.1715, -0.1744, 0.0348, 0.9690) (0.1054, 29.9801, -4.2243) (-0.0131, 0.0301, -0.0107, -0.9994) -34.88173 31.47164 88.03734
9 1 47.176 (0.3596, 29.5810, -3.6473) (-0.1655, 0.1702, 0.0295, 0.9710) (0.1124, 29.9797, -4.2203) (-0.0165, -0.0153, 0.0030, -0.9997) 31.61859 32.91181 88.73131
10 1 47.88706 (0.1923, 29.5137, -3.6810) (-0.0451, -0.1417, 0.0370, 0.9882) (0.1053, 29.9803, -4.2168) (-0.0035, 0.0202, -0.0089, -0.9997) -28.03245 7.807002 95.57717
11 1 48.69825 (0.3166, 29.6495, -3.6627) (-0.2710, 0.1187, 0.0288, 0.9548) (0.1115, 29.9834, -4.2229) (0.0182, -0.0108, 0.0046, -0.9998) 21.29708 52.89177 82.49158
12 1 49.40933 (0.2650, 29.4617, -3.6512) (0.0238, -0.0073, 0.0520, 0.9983) (0.1115, 29.9800, -4.2136) (-0.0083, 0.0020, -0.0022, -1.0000) -1.634481 -4.3368 99.87578
13 1 50.16482 (0.2634, 29.6597, -3.6899) (-0.3197, 0.0031, 0.0312, 0.9470) (0.1122, 29.9811, -4.2201) (0.0060, 0.0062, -0.0011, -1.0000) -0.6863913 60.7179 79.5625
14 1 50.96494 (0.3423, 29.4923, -3.6319) (-0.0291, 0.1288, 0.0534, 0.9898) (0.1152, 29.9799, -4.2202) (-0.0033, -0.0032, 0.0035, -1.0000) 24.84263 7.250317 96.51495
15 1 51.82064 (0.2078, 29.6393, -3.7164) (-0.2870, -0.1096, 0.0311, 0.9511) (0.1110, 29.9804, -4.2285) (0.0040, 0.0186, -0.0042, -0.9998) -23.19869 54.73736 81.12462
0 1 52.66528 (0.3687, 29.5829, -3.6593) (-0.1629, 0.1765, 0.0419, 0.9698) (0.1142, 29.9801, -4.2294) (-0.0024, -0.0121, 0.0023, -0.9999) 33.02371 32.72448 88.46053
1 1 53.55442 (0.1759, 29.5810, -3.7245) (-0.1733, -0.1686, 0.0418, 0.9694) (0.1094, 29.9801, -4.2327) (-0.0001, 0.0215, -0.0043, -0.9998) -33.92027 32.49025 88.31013
2 1 54.34282 (0.3188, 29.6564, -3.6863) (-0.2761, 0.1148, 0.0255, 0.9539) (0.1115, 29.9804, -4.2343) (0.0026, 0.0047, -0.0011, -1.0000) 20.3462 53.79893 82.12206
3 1 55.05422 (0.1945, 29.5087, -3.7025) (-0.0491, -0.1340, 0.0577, 0.9881) (0.1088, 29.9794, -4.2298) (-0.0061, 0.0176, -0.0043, -0.9998) -27.13339 8.1685 95.92651
4 0 55.79864 (0.2474, 29.6810, -3.7048) (-0.3278, 0.0035, 0.0373, 0.9440) (0.1088, 29.9807, -4.2347) (0.0032, 0.0165, -0.0047, -0.9998) -1.78147 61.918 78.5047
5 0 56.56541 (0.2574, 29.4617, -3.6506) (0.0179, -0.0044, 0.0559, 0.9983) (0.1088, 29.9783, -4.2180) (-0.0188, 0.0159, -0.0065, -0.9997) -0.6747227 -3.614168 99.93239
6 0 57.40992 (0.1958, 29.6252, -3.7171) (-0.2885, -0.1033, 0.0528, 0.9504) (0.1061, 29.9793, -4.2269) (-0.0067, 0.0264, -0.0110, -0.9996) -22.69252 53.75174 81.21453
7 0 58.25454 (0.3372, 29.4786, -3.6427) (-0.0236, 0.1252, 0.0710, 0.9893) (0.1090, 29.9788, -4.2252) (-0.0139, 0.0096, -0.0063, -0.9998) 24.4438 6.457685 96.75122
8 0 59.06549 (0.1750, 29.5692, -3.7145) (-0.1777, -0.1649, 0.0478, 0.9690) (0.1072, 29.9787, -4.2269) (-0.0114, 0.0291, -0.0119, -0.9994) -33.65165 32.86551 88.24639
9 0 59.80999 (0.3652, 29.5753, -3.6485) (-0.1500, 0.1785, 0.0668, 0.9701) (0.1084, 29.9784, -4.2239) (-0.0153, 0.0014, -0.0071, -0.9999) 32.62149 31.49469 89.12868
10 0 60.54359 (0.1908, 29.4980, -3.6797) (-0.0504, -0.1271, 0.0765, 0.9877) (0.1032, 29.9777, -4.2141) (-0.0217, 0.0294, -0.0127, -0.9993) -25.86971 8.009945 96.26318
11 0 61.28793 (0.3178, 29.6502, -3.6627) (-0.2774, 0.1280, 0.0606, 0.9502) (0.1066, 29.9786, -4.2239) (-0.0148, 0.0248, -0.0052, -0.9996) 20.96364 54.2782 81.32898
12 0 62.21012 (0.2622, 29.4557, -3.6495) (0.0253, -0.0045, 0.0592, 0.9979) (0.1082, 29.9770, -4.2169) (-0.0256, 0.0253, -0.0083, -0.9993) -0.5956975 -5.111021 99.86752
13 0 63.14359 (0.2587, 29.6928, -3.7126) (-0.3293, 0.0030, 0.0220, 0.9440) (0.1060, 29.9792, -4.2337) (-0.0090, 0.0197, -0.0095, -0.9997) -0.8741817 62.18666 78.30745
14 0 63.89933 (0.3468, 29.5036, -3.6537) (-0.0285, 0.1232, 0.0243, 0.9917) (0.1106, 29.9781, -4.2304) (-0.0198, 0.0090, -0.0029, -0.9998) 24.2922 6.258199 96.8025
15 0 64.9104 (0.2005, 29.6494, -3.7378) (-0.2845, -0.1083, 0.0406, 0.9517) (0.1085, 29.9788, -4.2390) (-0.0087, 0.0212, -0.0089, -0.9997) -22.92534 53.26302 81.47073
0 0 65.78815 (0.3680, 29.5911, -3.6683) (-0.1572, 0.1737, 0.0496, 0.9709) (0.1099, 29.9785, -4.2342) (-0.0140, -0.0019, -0.0016, -0.9999) 32.16439 32.25106 89.02427
1 0 66.56614 (0.1652, 29.5794, -3.7094) (-0.1826, -0.1688, 0.0635, 0.9665) (0.1074, 29.9776, -4.2235) (-0.0199, 0.0313, -0.0080, -0.9993) -34.95453 33.14783 87.63219
2 0 67.35518 (0.3212, 29.6636, -3.6400) (-0.2722, 0.1271, 0.0656, 0.9516) (0.1058, 29.9779, -4.2145) (-0.0190, 0.0109, -0.0082, -0.9997) 20.62296 53.46405 81.95296
3 0 68.24386 (0.1916, 29.4913, -3.6624) (-0.0476, -0.1262, 0.1050, 0.9853) (0.1034, 29.9763, -4.2031) (-0.0286, 0.0281, -0.0104, -0.9991) -25.86125 6.728371 96.3635
4 0 69.28824 (0.2577, 29.6837, -3.6717) (-0.3209, 0.0211, 0.0697, 0.9443) (0.1098, 29.9773, -4.2213) (-0.0211, 0.0238, -0.0048, -0.9995) -0.4834879 60.90173 79.31422
5 0 70.14414 (0.2634, 29.4531, -3.6736) (0.0214, -0.0049, 0.1046, 0.9943) (0.1081, 29.9766, -4.2255) (-0.0274, 0.0184, -0.0090, -0.9994) -0.521688 -4.366867 99.90324
6 0 71.84422 (0.2012, 29.6480, -3.7292) (-0.2906, -0.0988, 0.0769, 0.9486) (0.1079, 29.9770, -4.2363) (-0.0210, 0.0272, -0.0088, -0.9994) -23.21347 53.60632 81.1634
7 0 72.72212 (0.3437, 29.4951, -3.6364) (-0.0210, 0.1239, 0.0927, 0.9877) (0.1084, 29.9766, -4.2194) (-0.0283, 0.0091, -0.0048, -0.9995) 24.077 6.446499 96.8439
8 0 73.43044 (0.1720, 29.5807, -3.7116) (-0.1802, -0.1652, 0.0860, 0.9658) (0.1071, 29.9768, -4.2244) (-0.0218, 0.0304, -0.0107, -0.9992) -35.0206 31.96075 88.04583
9 0 74.21035 (0.3644, 29.5913, -3.6711) (-0.1521, 0.1753, 0.0757, 0.9698) (0.1080, 29.9777, -4.2350) (-0.0185, 0.0024, -0.0057, -0.9998) 31.69852 32.14878 89.22813
10 0 75.01048 (0.1983, 29.5137, -3.7212) (-0.0490, -0.1327, 0.0925, 0.9856) (0.1064, 29.9776, -4.2408) (-0.0169, 0.0218, -0.0089, -0.9996) -27.07003 7.211822 95.99585
11 0 75.72198 (0.3289, 29.6703, -3.6893) (-0.2674, 0.1323, 0.0846, 0.9507) (0.1058, 29.9785, -4.2409) (-0.0111, 0.0116, -0.0098, -0.9998) 20.62266 53.0777 82.2038
12 0 76.44402 (0.2687, 29.4646, -3.6687) (0.0154, -0.0099, 0.1182, 0.9928) (0.1048, 29.9768, -4.2262) (-0.0156, 0.0213, -0.0106, -0.9996) -1.593229 -3.289274 99.93319
13 0 77.27769 (0.2629, 29.6823, -3.6879) (-0.3282, 0.0269, 0.0906, 0.9399) (0.1036, 29.9783, -4.2227) (-0.0051, 0.0212, -0.0116, -0.9997) -0.8840662 62.18451 78.30904
14 0 77.99993 (0.3524, 29.4910, -3.6140) (-0.0224, 0.1248, 0.1062, 0.9862) (0.1076, 29.9791, -4.2080) (0.0053, 0.0152, -0.0084, -0.9998) 24.14303 7.067912 96.78408
15 0 78.76655 (0.2098, 29.6485, -3.6971) (-0.2960, -0.0938, 0.0881, 0.9465) (0.1081, 29.9787, -4.2167) (0.0042, 0.0316, -0.0103, -0.9994) -22.96935 54.37255 80.72196
0 0 79.53337 (0.3756, 29.5816, -3.6446) (-0.1545, 0.1776, 0.0756, 0.9690) (0.1146, 29.9779, -4.2194) (-0.0097, -0.0370, 0.0027, -0.9993) 32.07277 32.62643 88.92049
1 0 80.58891 (0.1905, 29.5845, -3.7190) (-0.1794, -0.1620, 0.0682, 0.9679) (0.1067, 29.9777, -4.2290) (-0.0085, 0.0403, -0.0081, -0.9991) -33.81422 32.51495 88.31408
2 0 81.2558 (0.3277, 29.6644, -3.6841) (-0.2780, 0.1334, 0.0828, 0.9476) (0.1099, 29.9793, -4.2315) (-0.0005, -0.0070, -0.0021, -1.0000) 20.68219 54.90696 80.97823
3 0 81.978 (0.2045, 29.5131, -3.6970) (-0.0540, -0.1315, 0.1080, 0.9839) (0.1068, 29.9773, -4.2253) (-0.0135, 0.0281, -0.0082, -0.9995) -27.04067 7.78785 95.95911
4 0 82.66683 (0.2532, 29.6795, -3.7008) (-0.3230, 0.0169, 0.0866, 0.9423) (0.1055, 29.9786, -4.2306) (-0.0020, 0.0234, -0.0090, -0.9997) -2.405549 61.15963 79.08042
5 0 83.48905 (0.2588, 29.4692, -3.6490) (0.0157, -0.0125, 0.1224, 0.9923) (0.1047, 29.9770, -4.2196) (-0.0157, 0.0230, -0.0094, -0.9996) -2.10488 -3.430094 99.91898
6 0 84.23398 (0.1980, 29.6569, -3.6984) (-0.2948, -0.0974, 0.0848, 0.9468) (0.1055, 29.9779, -4.2219) (-0.0078, 0.0292, -0.0113, -0.9995) -23.45213 54.16954 80.71963
7 0 85.06695 (0.3388, 29.5147, -3.6323) (-0.0277, 0.1253, 0.0782, 0.9886) (0.1081, 29.9773, -4.2203) (-0.0167, 0.0048, -0.0075, -0.9998) 24.35159 7.441238 96.70382
8 0 85.81158 (0.1817, 29.5955, -3.7131) (-0.1765, -0.1679, 0.0610, 0.9680) (0.1053, 29.9781, -4.2298) (-0.0068, 0.0382, -0.0108, -0.9992) -34.65406 32.13057 88.12901
9 0 86.534 (0.3750, 29.5919, -3.6602) (-0.1486, 0.1774, 0.0766, 0.9698) (0.1112, 29.9778, -4.2269) (-0.0134, -0.0151, -0.0022, -0.9998) 32.13728 31.53478 89.29027
10 0 87.30057 (0.2067, 29.5166, -3.6851) (-0.0439, -0.1349, 0.0792, 0.9867) (0.1087, 29.9776, -4.2212) (-0.0143, 0.0216, -0.0083, -0.9996) -27.31515 6.525602 95.97551
11 0 88.00076 (0.3341, 29.6834, -3.6583) (-0.2740, 0.1345, 0.0843, 0.9486) (0.1083, 29.9788, -4.2250) (-0.0057, 0.0037, -0.0055, -1.0000) 20.89338 54.24085 81.37196
12 0 88.78948 (0.2818, 29.4817, -3.6452) (0.0264, -0.0052, 0.0787, 0.9965) (0.1092, 29.9770, -4.2149) (-0.0197, 0.0101, -0.0074, -0.9997) -0.6264306 -5.347579 99.85495
13 0 89.6451 (0.2691, 29.6832, -3.6976) (-0.3224, 0.0194, 0.0819, 0.9429) (0.1094, 29.9780, -4.2278) (-0.0089, 0.0127, -0.0086, -0.9998) -1.632393 61.11054 79.13809
14 0 90.3897 (0.3537, 29.5081, -3.6512) (-0.0280, 0.1211, 0.0868, 0.9884) (0.1109, 29.9773, -4.2258) (-0.0138, 0.0045, -0.0046, -0.9999) 23.46425 7.630949 96.90819
15 0 91.11211 (0.2161, 29.6572, -3.7191) (-0.2959, -0.0994, 0.0757, 0.9470) (0.1095, 29.9776, -4.2274) (-0.0112, 0.0195, -0.0085, -0.9997) -23.30209 54.5308 80.51959
0 0 91.86734 (0.3835, 29.5892, -3.6525) (-0.1464, 0.1779, 0.0780, 0.9700) (0.1120, 29.9770, -4.2181) (-0.0186, -0.0049, -0.0035, -0.9998) 32.22365 31.18329 89.38255
1 0 92.64526 (0.1858, 29.5911, -3.7001) (-0.1789, -0.1672, 0.0724, 0.9669) (0.1099, 29.9767, -4.2144) (-0.0172, 0.0265, -0.0081, -0.9995) -34.92395 32.16908 88.00834
2 0 93.33442 (0.3369, 29.6756, -3.6653) (-0.2712, 0.1271, 0.0730, 0.9513) (0.1083, 29.9773, -4.2195) (-0.0149, 0.0086, -0.0069, -0.9998) 20.21549 53.45445 82.06068
3 0 94.12307 (0.2074, 29.5186, -3.6894) (-0.0535, -0.1350, 0.0890, 0.9854) (0.1099, 29.9765, -4.2176) (-0.0190, 0.0209, -0.0079, -0.9996) -27.55591 8.142187 95.78297
4 0 94.8454 (0.2721, 29.6995, -3.7008) (-0.3226, 0.0236, 0.0719, 0.9435) (0.1096, 29.9778, -4.2293) (-0.0089, 0.0172, -0.0095, -0.9998) -0.1913492 61.21159 79.07658
5 0 95.65658 (0.2710, 29.4718, -3.6721) (0.0241, -0.0116, 0.0955, 0.9951) (0.1086, 29.9761, -4.2255) (-0.0231, 0.0147, -0.0080, -0.9996) -1.858473 -5.012943 99.85698
6 0 96.39 (0.2007, 29.6791, -3.7290) (-0.2946, -0.0997, 0.0696, 0.9479) (0.1071, 29.9778, -4.2386) (-0.0088, 0.0241, -0.0122, -0.9996) -22.99473 54.45782 80.65723
7 0 97.15686 (0.3527, 29.5136, -3.6683) (-0.0271, 0.1251, 0.0865, 0.9880) (0.1071, 29.9771, -4.2342) (-0.0140, 0.0071, -0.0099, -0.9998) 24.24359 7.516006 96.72517
-1 0 99.41254 (0.2740, 29.5715, -3.6545) (-0.1370, -0.0063, 0.0207, 0.9903) (0.1205, 29.9762, -4.2168) (-0.0143, -0.0580, 0.0153, -0.9981) -1.808816 27.1009 96.24068
0 0 99.87919 (0.3300, 29.5842, -3.6427) (-0.1530, 0.1114, 0.0227, 0.9817) (0.1186, 29.9769, -4.2153) (-0.0109, -0.0500, 0.0116, -0.9986) 21.17738 30.53667 92.83874
1 0 100.4348 (0.2253, 29.5840, -3.6744) (-0.1578, -0.1116, 0.0190, 0.9810) (0.1167, 29.9772, -4.2157) (-0.0064, -0.0159, 0.0096, -0.9998) -22.49024 30.53248 92.53084
2 0 100.8794 (0.3075, 29.6304, -3.6465) (-0.2270, 0.0721, 0.0333, 0.9706) (0.1146, 29.9772, -4.2146) (-0.0083, -0.0203, 0.0065, -0.9997) 12.48548 44.55553 88.65054
3 0 101.3573 (0.2400, 29.5489, -3.6500) (-0.0881, -0.0752, 0.0448, 0.9923) (0.1122, 29.9773, -4.2097) (-0.0046, -0.0066, 0.0026, -1.0000) -15.71437 16.81424 97.31567
4 0 101.8681 (0.2639, 29.6495, -3.6431) (-0.2553, 0.0012, 0.0550, 0.9653) (0.1105, 29.9771, -4.2103) (-0.0103, -0.0016, 0.0014, -0.9999) -2.575119 49.29881 86.96548
5 0 102.2682 (0.2654, 29.5215, -3.6326) (-0.0466, -0.0138, 0.0413, 0.9980) (0.1074, 29.9773, -4.2057) (-0.0073, 0.0073, -0.0052, -0.9999) -3.136019 9.191239 99.52731
6 0 102.668 (0.2260, 29.6327, -3.6558) (-0.2416, -0.0666, 0.0579, 0.9664) (0.1129, 29.9759, -4.2061) (-0.0198, 0.0060, 0.0036, -0.9998) -15.67843 45.92177 87.43785
7 0 103.0683 (0.3196, 29.5470, -3.6322) (-0.0776, 0.0678, 0.0472, 0.9936) (0.1101, 29.9775, -4.2092) (-0.0094, 0.0096, -0.0015, -0.9999) 12.7496 16.06071 97.87492
8 0 103.4235 (0.2187, 29.5951, -3.6658) (-0.1603, -0.1015, 0.0476, 0.9807) (0.1136, 29.9765, -4.2135) (-0.0158, 0.0036, 0.0034, -0.9999) -21.42657 30.46634 92.80466
9 0 103.7904 (0.3329, 29.6002, -3.6417) (-0.1520, 0.1056, 0.0520, 0.9814) (0.1088, 29.9769, -4.2161) (-0.0148, 0.0057, -0.0021, -0.9999) 19.13637 30.93232 93.15037
10 0 104.1458 (0.2330, 29.5546, -3.6722) (-0.0805, -0.0846, 0.0548, 0.9916) (0.1084, 29.9772, -4.2181) (-0.0114, 0.0018, -0.0013, -0.9999) -17.66466 15.04764 97.27039
11 0 104.4903 (0.3111, 29.6484, -3.6414) (-0.2154, 0.0791, 0.0483, 0.9721) (0.1080, 29.9761, -4.2184) (-0.0221, -0.0006, 0.0003, -0.9998) 13.30158 42.63783 89.47113
12 0 104.8681 (0.2771, 29.5329, -3.6599) (-0.0414, -0.0027, 0.0557, 0.9976) (0.1055, 29.9774, -4.2221) (-0.0120, 0.0027, -0.0047, -0.9999) -0.9968035 8.222752 99.65637
13 0 105.246 (0.2632, 29.6504, -3.6695) (-0.2513, 0.0075, 0.0713, 0.9653) (0.1108, 29.9762, -4.2214) (-0.0235, -0.0052, 0.0038, -0.9997) -2.134898 48.61814 87.35971
14 0 105.6017 (0.3203, 29.5439, -3.6496) (-0.0658, 0.0731, 0.0683, 0.9928) (0.1077, 29.9784, -4.2200) (-0.0071, 0.0023, -0.0004, -1.0000) 13.61728 14.06766 98.06462
15 0 105.9684 (0.2375, 29.6233, -3.6827) (-0.2222, -0.0684, 0.0499, 0.9713) (0.1134, 29.9770, -4.2179) (-0.0168, -0.0022, 0.0065, -0.9998) -15.50046 42.4893 89.18742
0 0 106.346 (0.3302, 29.5986, -3.6457) (-0.1621, 0.1150, 0.0562, 0.9784) (0.1092, 29.9778, -4.2147) (-0.0121, 0.0008, 0.0015, -0.9999) 20.68454 33.00755 92.10131
1 0 106.6905 (0.2188, 29.5909, -3.6726) (-0.1589, -0.1060, 0.0472, 0.9805) (0.1141, 29.9769, -4.2113) (-0.0161, -0.0047, 0.0058, -0.9998) -22.27744 30.16336 92.70322
2 0 107.0685 (0.3188, 29.6463, -3.6353) (-0.2300, 0.0902, 0.0504, 0.9677) (0.1096, 29.9769, -4.2088) (-0.0175, 0.0043, 0.0003, -0.9998) 15.13718 45.41827 87.79549
3 0 107.4351 (0.2428, 29.5576, -3.6608) (-0.1026, -0.0725, 0.0675, 0.9898) (0.1110, 29.9767, -4.2089) (-0.0160, 0.0014, 0.0009, -0.9999) -15.74139 19.34031 96.8409
4 0 107.8018 (0.2701, 29.6626, -3.6435) (-0.2500, 0.0132, 0.0558, 0.9666) (0.1116, 29.9774, -4.2117) (-0.0161, 0.0020, 0.0079, -0.9998) -0.2427256 48.4719 87.46666
5 0 108.1907 (0.2767, 29.5366, -3.6405) (-0.0604, 0.0023, 0.0792, 0.9950) (0.1065, 29.9781, -4.2113) (-0.0105, 0.0065, -0.0024, -0.9999) -0.4988062 12.05796 99.26911
6 0 108.8241 (0.2423, 29.6506, -3.6678) (-0.2349, -0.0578, 0.0486, 0.9691) (0.1148, 29.9788, -4.2159) (-0.0066, -0.0077, 0.0090, -0.9999) -13.48698 44.97179 88.29292
7 0 109.2352 (0.3398, 29.5563, -3.6389) (-0.0791, 0.0804, 0.0614, 0.9917) (0.1135, 29.9794, -4.2106) (-0.0070, -0.0282, 0.0056, -0.9996) 14.97001 16.67308 97.45721
8 0 109.5908 (0.2183, 29.6128, -3.6662) (-0.1714, -0.0974, 0.0625, 0.9784) (0.1150, 29.9794, -4.2145) (-0.0066, -0.0063, 0.0102, -0.9999) -21.19132 32.31971 92.22996
9 0 109.9684 (0.3444, 29.6164, -3.6358) (-0.1578, 0.1048, 0.0597, 0.9801) (0.1112, 29.9801, -4.2155) (-0.0025, -0.0239, 0.0033, -0.9997) 18.64861 32.18753 92.82345
10 0 110.2908 (0.2381, 29.5620, -3.6647) (-0.0902, -0.0840, 0.0736, 0.9896) (0.1125, 29.9813, -4.2181) (0.0090, -0.0127, 0.0029, -0.9999) -17.94655 16.62524 96.96145
11 0 110.6241 (0.3115, 29.6645, -3.6424) (-0.2340, 0.0792, 0.0765, 0.9660) (0.1115, 29.9805, -4.2207) (0.0054, -0.0223, 0.0003, -0.9997) 11.72803 46.41701 87.79473
12 0 110.9909 (0.2780, 29.5424, -3.6600) (-0.0588, -0.0119, 0.0792, 0.9950) (0.1069, 29.9803, -4.2222) (0.0098, -0.0109, -0.0073, -0.9999) -3.290493 11.5159 99.28019
13 0 111.3463 (0.2663, 29.6746, -3.6610) (-0.2581, 0.0116, 0.0808, 0.9627) (0.1112, 29.9785, -4.2225) (-0.0066, -0.0176, 0.0013, -0.9998) -1.927801 49.88633 86.64663
14 0 111.7021 (0.3251, 29.5544, -3.6473) (-0.0782, 0.0749, 0.0876, 0.9902) (0.1066, 29.9799, -4.2202) (0.0055, -0.0079, -0.0060, -0.9999) 13.47197 16.80968 97.65214
15 0 112.0687 (0.2355, 29.6440, -3.6671) (-0.2302, -0.0534, 0.0688, 0.9692) (0.1153, 29.9785, -4.2212) (-0.0049, -0.0160, 0.0033, -0.9999) -13.52683 43.87922 88.83489
0 0 112.4579 (0.3458, 29.6038, -3.6446) (-0.1532, 0.1167, 0.0661, 0.9791) (0.1116, 29.9791, -4.2203) (0.0008, -0.0088, 0.0000, -1.0000) 20.82513 31.53706 92.58363
1 0 112.9687 (0.2220, 29.5966, -3.6828) (-0.1792, -0.1009, 0.0756, 0.9757) (0.1125, 29.9793, -4.2222) (0.0033, -0.0050, 0.0011, -1.0000) -22.39965 33.43453 91.54446
2 0 113.3467 (0.3124, 29.6545, -3.6515) (-0.2272, 0.0825, 0.0822, 0.9669) (0.1103, 29.9794, -4.2257) (0.0014, -0.0068, -0.0009, -1.0000) 12.21209 45.2956 88.31293
3 0 113.7133 (0.2321, 29.5585, -3.6790) (-0.0931, -0.0911, 0.0883, 0.9875) (0.1088, 29.9791, -4.2246) (0.0011, 0.0026, -0.0043, -1.0000) -19.63497 16.77717 96.60743
4 0 114.0691 (0.2616, 29.6683, -3.6586) (-0.2576, 0.0126, 0.0755, 0.9632) (0.1110, 29.9780, -4.2233) (-0.0100, -0.0035, 0.0001, -0.9999) -1.463952 49.81536 86.69653
5 0 114.458 (0.2799, 29.5410, -3.6524) (-0.0558, 0.0038, 0.0799, 0.9952) (0.1072, 29.9787, -4.2225) (-0.0035, 0.0066, -0.0051, -1.0000) -0.1427795 11.17602 99.37342
6 0 114.8135 (0.2373, 29.6505, -3.6732) (-0.2440, -0.0569, 0.0754, 0.9652) (0.1142, 29.9778, -4.2247) (-0.0072, -0.0055, 0.0028, -1.0000) -14.66759 46.23655 87.44737
7 0 115.1913 (0.3255, 29.5559, -3.6483) (-0.0825, 0.0730, 0.0894, 0.9899) (0.1070, 29.9790, -4.2230) (0.0011, 0.0009, -0.0033, -1.0000) 12.97296 17.63476 97.57417
8 0 115.5579 (0.2066, 29.6165, -3.6759) (-0.1846, -0.1025, 0.0799, 0.9742) (0.1103, 29.9785, -4.2239) (-0.0029, -0.0101, 0.0014, -0.9999) -22.92313 34.32146 91.08549
9 0 115.9691 (0.3351, 29.6087, -3.6442) (-0.1489, 0.1040, 0.0486, 0.9822) (0.1051, 29.9784, -4.2212) (-0.0050, -0.0006, -0.0056, -1.0000) 18.98548 30.26062 93.40154
10 0 116.3802 (0.2329, 29.5602, -3.6688) (-0.0967, -0.0771, 0.0696, 0.9899) (0.1098, 29.9778, -4.2198) (-0.0077, -0.0013, 0.0000, -1.0000) -16.60193 18.0747 96.94164
11 0 116.7578 (0.3139, 29.6587, -3.6346) (-0.2143, 0.0785, 0.0467, 0.9725) (0.1104, 29.9779, -4.2193) (-0.0093, -0.0043, 0.0006, -0.9999) 13.26689 42.41874 89.58036
12 0 117.258 (0.2600, 29.5372, -3.6429) (-0.0456, -0.0187, 0.0774, 0.9958) (0.1061, 29.9784, -4.2145) (-0.0059, 0.0028, -0.0026, -1.0000) -4.420303 8.785192 99.51523
13 0 117.6244 (0.2745, 29.6822, -3.6281) (-0.2532, 0.0294, 0.0574, 0.9653) (0.1120, 29.9776, -4.2127) (-0.0139, -0.0092, 0.0034, -0.9999) 2.759941 49.22579 87.00117
14 0 118.0579 (0.3287, 29.5577, -3.6228) (-0.0750, 0.0779, 0.0612, 0.9922) (0.1102, 29.9778, -4.2072) (-0.0094, -0.0019, -0.0014, -1.0000) 14.55097 15.83724 97.65987
15 0 118.4468 (0.2302, 29.6644, -3.6483) (-0.2348, -0.0661, 0.0602, 0.9679) (0.1158, 29.9777, -4.2129) (-0.0075, -0.0093, 0.0067, -0.9999) -15.61786 44.65651 88.10152
0 0 118.8689 (0.3399, 29.6168, -3.6293) (-0.1593, 0.1141, 0.0652, 0.9784) (0.1081, 29.9792, -4.2151) (0.0011, 0.0034, -0.0009, -1.0000) 20.25753 32.66689 92.31742
1 0 119.2469 (0.2094, 29.6167, -3.6656) (-0.1772, -0.0978, 0.0753, 0.9764) (0.1103, 29.9786, -4.2191) (-0.0008, -0.0071, 0.0025, -1.0000) -21.75757 33.12697 91.81074
2 0 119.6025 (0.3136, 29.6675, -3.6362) (-0.2227, 0.0797, 0.0604, 0.9697) (0.1024, 29.9781, -4.2223) (-0.0050, 0.0107, -0.0094, -0.9999) 12.75761 44.16229 88.80842
3 0 119.9691 (0.2404, 29.5732, -3.6593) (-0.0960, -0.0680, 0.0714, 0.9905) (0.1029, 29.9779, -4.2230) (0.0040, 0.0129, -0.0149, -0.9998) -14.84224 18.04334 97.23243
4 1 120.3026 (0.2652, 29.6828, -3.6517) (-0.2649, 0.0161, 0.0680, 0.9617) (0.1049, 29.9762, -4.2215) (-0.0076, 0.0033, -0.0037, -1.0000) -0.4968134 51.1687 85.91576
5 1 120.7025 (0.2764, 29.5554, -3.6533) (-0.0642, -0.0048, 0.0740, 0.9952) (0.1005, 29.9778, -4.2244) (0.0021, 0.0136, -0.0130, -0.9998) -1.901394 12.70585 99.1713
6 1 121.0582 (0.2289, 29.6648, -3.6659) (-0.2378, -0.0527, 0.0756, 0.9669) (0.1086, 29.9770, -4.2259) (-0.0046, -0.0074, -0.0016, -1.0000) -13.79434 45.19748 88.13004
7 1 121.4693 (0.3327, 29.5654, -3.6404) (-0.0858, 0.0809, 0.0925, 0.9887) (0.1044, 29.9775, -4.2178) (-0.0040, 0.0046, -0.0080, -0.9999) 14.4056 18.46288 97.21935
8 1 121.8141 (0.2223, 29.6148, -3.6598) (-0.1764, -0.0892, 0.0696, 0.9778) (0.1117, 29.9768, -4.2172) (-0.0065, -0.0046, 0.0003, -1.0000) -19.88999 33.26476 92.18375
9 1 122.2025 (0.3475, 29.6157, -3.6270) (-0.1534, 0.1068, 0.0585, 0.9806) (0.1078, 29.9774, -4.2130) (-0.0069, 0.0058, -0.0045, -0.9999) 19.1447 31.34251 93.01144
10 1 122.5808 (0.2386, 29.5625, -3.6456) (-0.0941, -0.0732, 0.0844, 0.9893) (0.1085, 29.9774, -4.2119) (-0.0051, 0.0039, -0.0026, -1.0000) -16.06872 17.39034 97.15643
11 1 122.925 (0.3081, 29.6721, -3.6138) (-0.2258, 0.0777, 0.0808, 0.9677) (0.1063, 29.9773, -4.2136) (-0.0072, 0.0034, -0.0039, -1.0000) 11.38533 44.96327 88.59277
12 1 123.3245 (0.2820, 29.5530, -3.6292) (-0.0613, -0.0091, 0.0841, 0.9945) (0.1052, 29.9777, -4.2112) (-0.0040, 0.0066, -0.0057, -1.0000) -2.850699 12.04767 99.23067
13 1 123.6916 (0.2793, 29.6749, -3.6636) (-0.2510, 0.0178, 0.0620, 0.9658) (0.1108, 29.9771, -4.2190) (-0.0068, 0.0015, -0.0020, -1.0000) 0.3213575 48.69891 87.34021
14 1 124.3472 (0.3201, 29.5644, -3.6747) (-0.0826, 0.0566, 0.0888, 0.9910) (0.1092, 29.9773, -4.2290) (-0.0098, -0.0018, -0.0016, -0.9999) 9.742539 17.38226 97.99459
15 1 124.8028 (0.2349, 29.6711, -3.7019) (-0.2453, -0.0618, 0.0751, 0.9645) (0.1151, 29.9781, -4.2403) (-0.0012, -0.0106, 0.0057, -0.9999) -15.6125 46.3968 87.19855
0 1 125.1809 (0.3467, 29.6193, -3.6913) (-0.1551, 0.1035, 0.0785, 0.9793) (0.1079, 29.9793, -4.2431) (0.0058, 0.0011, -0.0023, -1.0000) 17.84615 32.00177 93.04516
1 1 125.5586 (0.2271, 29.6153, -3.7228) (-0.1731, -0.0904, 0.0798, 0.9775) (0.1130, 29.9780, -4.2478) (0.0000, -0.0172, 0.0034, -0.9998) -20.42925 32.40296 92.37258
2 1 125.9251 (0.3168, 29.6679, -3.6928) (-0.2293, 0.0818, 0.0810, 0.9665) (0.1075, 29.9790, -4.2484) (0.0026, -0.0038, -0.0028, -1.0000) 12.1058 45.64935 88.14525
3 1 126.3029 (0.2548, 29.5840, -3.7096) (-0.1129, -0.0629, 0.1035, 0.9862) (0.1066, 29.9787, -4.2434) (0.0019, 0.0026, -0.0043, -1.0000) -14.7468 20.96133 96.66
4 1 126.6474 (0.2716, 29.6813, -3.6959) (-0.2575, 0.0180, 0.0959, 0.9613) (0.1068, 29.9781, -4.2455) (-0.0044, -0.0002, -0.0048, -1.0000) -1.475144 49.8562 86.67284
5 1 127.0584 (0.2903, 29.5707, -3.6844) (-0.0727, 0.0125, 0.0829, 0.9938) (0.1034, 29.9787, -4.2426) (0.0000, 0.0066, -0.0087, -0.9999) 1.271995 14.66519 98.91064
6 1 127.4474 (0.2361, 29.6756, -3.7017) (-0.2425, -0.0562, 0.0920, 0.9641) (0.1075, 29.9778, -4.2439) (-0.0066, -0.0057, -0.0030, -1.0000) -15.30185 45.7233 87.60841
7 1 127.8255 (0.3320, 29.5847, -3.6849) (-0.0953, 0.0613, 0.0885, 0.9896) (0.1040, 29.9786, -4.2403) (-0.0004, 0.0016, -0.0056, -1.0000) 10.45401 19.95275 97.42999
8 1 128.203 (0.2229, 29.6277, -3.6984) (-0.1714, -0.0883, 0.0995, 0.9762) (0.1090, 29.9778, -4.2409) (-0.0076, -0.0079, 0.0012, -0.9999) -20.64725 31.70965 92.56451
9 1 128.8255 (0.3431, 29.6376, -3.6634) (-0.1569, 0.1128, 0.0605, 0.9793) (0.1047, 29.9780, -4.2367) (-0.0086, -0.0042, -0.0057, -0.9999) 20.18696 32.09511 92.53323
10 1 129.2366 (0.2365, 29.5777, -3.6877) (-0.0855, -0.0866, 0.0842, 0.9890) (0.1063, 29.9779, -4.2320) (-0.0076, -0.0033, -0.0023, -1.0000) -18.56272 15.46342 97.03767
11 1 129.6255 (0.3198, 29.6771, -3.6495) (-0.2200, 0.0882, 0.0810, 0.9681) (0.1049, 29.9776, -4.2293) (-0.0128, -0.0053, -0.0043, -0.9999) 13.51933 44.0215 88.76562
12 1 130.0147 (0.2871, 29.5478, -3.6581) (-0.0399, -0.0114, 0.0881, 0.9952) (0.1019, 29.9784, -4.2216) (-0.0061, 0.0026, -0.0091, -0.9999) -2.977762 7.748708 99.65485
13 1 130.4147 (0.2830, 29.6898, -3.6489) (-0.2498, 0.0171, 0.0760, 0.9652) (0.1093, 29.9773, -4.2233) (-0.0128, -0.0091, 0.0004, -0.9999) -0.4933755 48.4789 87.46172
14 1 130.8032 (0.3365, 29.5536, -3.6378) (-0.0590, 0.0756, 0.0894, 0.9914) (0.1072, 29.9775, -4.2157) (-0.0102, -0.0030, -0.0040, -0.9999) 13.94185 13.052 98.15941
15 1 131.2368 (0.2380, 29.6555, -3.6594) (-0.2282, -0.0632, 0.0845, 0.9679) (0.1119, 29.9772, -4.2196) (-0.0101, -0.0079, 0.0011, -0.9999) -16.0936 43.11034 88.78342
0 1 131.6368 (0.3492, 29.6074, -3.6469) (-0.1470, 0.1151, 0.0819, 0.9790) (0.1073, 29.9777, -4.2181) (-0.0100, -0.0010, -0.0031, -0.9999) 20.13248 30.67205 93.02638
1 1 132.0478 (0.2326, 29.6110, -3.6757) (-0.1688, -0.0915, 0.0904, 0.9772) (0.1101, 29.9773, -4.2222) (-0.0115, -0.0049, -0.0004, -0.9999) -20.93375 31.32852 92.62992
2 1 132.4033 (0.3305, 29.6595, -3.6520) (-0.2105, 0.0882, 0.0731, 0.9709) (0.1072, 29.9776, -4.2260) (-0.0114, -0.0014, -0.0022, -0.9999) 14.04845 42.15797 89.5843
3 1 132.8147 (0.2506, 29.5689, -3.6823) (-0.0996, -0.0846, 0.1036, 0.9860) (0.1081, 29.9775, -4.2272) (-0.0094, 0.0019, -0.0035, -0.9999) -18.75282 17.88071 96.58474
4 1 133.1924 (0.2838, 29.6841, -3.6664) (-0.2541, 0.0300, 0.0973, 0.9618) (0.1083, 29.9767, -4.2330) (-0.0150, 0.0004, -0.0023, -0.9999) 0.8227293 49.46692 86.90424
5 1 133.5928 (0.2922, 29.5620, -3.6750) (-0.0718, 0.0110, 0.1093, 0.9913) (0.1031, 29.9780, -4.2350) (-0.0071, 0.0059, -0.0071, -0.9999) 0.6056957 14.47926 98.94435
6 1 133.9812 (0.2425, 29.6643, -3.6885) (-0.2317, -0.0412, 0.1042, 0.9663) (0.1071, 29.9775, -4.2429) (-0.0101, -0.0044, -0.0017, -0.9999) -12.7931 43.92083 88.92298
7 1 134.37 (0.3363, 29.5775, -3.6901) (-0.0869, 0.0677, 0.0986, 0.9890) (0.1052, 29.9782, -4.2434) (-0.0040, -0.0036, -0.0030, -1.0000) 11.68544 18.53449 97.57009
8 1 134.7701 (0.2226, 29.6315, -3.7061) (-0.1870, -0.0870, 0.1018, 0.9732) (0.1079, 29.9770, -4.2438) (-0.0112, -0.0078, 0.0006, -0.9999) -20.73016 34.62237 91.49619
9 1 135.17 (0.3446, 29.6194, -3.6742) (-0.1506, 0.1058, 0.0784, 0.9798) (0.1053, 29.9768, -4.2369) (-0.0175, 0.0005, -0.0051, -0.9998) 18.37476 31.1706 93.22425
10 1 135.5479 (0.2504, 29.5668, -3.6875) (-0.0878, -0.0722, 0.1051, 0.9879) (0.1080, 29.9766, -4.2327) (-0.0166, 0.0024, -0.0032, -0.9999) -16.1143 15.82174 97.41664
11 1 135.948 (0.3225, 29.6845, -3.6568) (-0.2254, 0.0744, 0.0912, 0.9671) (0.1076, 29.9769, -4.2351) (-0.0155, -0.0019, -0.0021, -0.9999) 10.28883 44.94864 88.73421
12 1 136.3816 (0.2804, 29.5585, -3.6763) (-0.0573, -0.0129, 0.1079, 0.9924) (0.1010, 29.9778, -4.2356) (-0.0068, 0.0128, -0.0083, -0.9999) -3.78945 11.0956 99.31026
13 1 136.7813 (0.2795, 29.6964, -3.6673) (-0.2554, 0.0299, 0.0921, 0.9620) (0.1051, 29.9773, -4.2365) (-0.0123, 0.0024, -0.0031, -0.9999) 1.053895 49.69489 86.77158
14 1 137.1259 (0.3366, 29.5740, -3.6599) (-0.0808, 0.0759, 0.1052, 0.9883) (0.1047, 29.9779, -4.2301) (-0.0075, 0.0062, -0.0050, -0.9999) 13.29752 17.56968 97.54221
15 1 137.5147 (0.2439, 29.6596, -3.6697) (-0.2191, -0.0448, 0.0891, 0.9706) (0.1121, 29.9767, -4.2310) (-0.0140, -0.0014, 0.0025, -0.9999) -12.59535 41.73334 89.99825
0 1 137.9036 (0.3548, 29.6168, -3.6563) (-0.1460, 0.1096, 0.0881, 0.9793) (0.1086, 29.9780, -4.2296) (-0.0067, 0.0032, -0.0005, -1.0000) 18.88675 30.51665 93.33823
1 1 138.2702 (0.2276, 29.6174, -3.6795) (-0.1691, -0.0895, 0.1008, 0.9763) (0.1098, 29.9770, -4.2299) (-0.0102, 0.0041, 0.0007, -0.9999) -20.89067 31.20549 92.68116
2 1 138.6483 (0.3231, 29.6803, -3.6408) (-0.2254, 0.0851, 0.0911, 0.9663) (0.1047, 29.9771, -4.2267) (-0.0149, 0.0088, -0.0035, -0.9998) 12.33344 45.11012 88.39097
3 1 138.9926 (0.2505, 29.5809, -3.6564) (-0.1045, -0.0624, 0.1185, 0.9855) (0.1058, 29.9770, -4.2222) (-0.0127, 0.0090, -0.0035, -0.9999) -14.77298 19.12375 97.03629
4 1 139.3482 (0.2723, 29.6966, -3.6372) (-0.2604, 0.0160, 0.1141, 0.9586) (0.1085, 29.9762, -4.2183) (-0.0200, 0.0029, -0.0010, -0.9998) -2.874747 50.28479 86.38967
5 1 139.7481 (0.2806, 29.5517, -3.6388) (-0.0568, -0.0011, 0.1227, 0.9908) (0.1030, 29.9767, -4.2180) (-0.0139, 0.0073, -0.0086, -0.9998) -1.616885 11.22621 99.35471
6 1 140.1149 (0.2348, 29.6752, -3.6625) (-0.2473, -0.0496, 0.1111, 0.9613) (0.1093, 29.9765, -4.2239) (-0.0140, -0.0025, -0.0007, -0.9999) -15.02456 46.44816 87.27445
7 1 140.5707 (0.3391, 29.5762, -3.6531) (-0.0883, 0.0770, 0.1221, 0.9856) (0.1058, 29.9774, -4.2242) (-0.0106, -0.0022, -0.0038, -0.9999) 13.02243 19.28559 97.25473
-1 1 142.8929 (0.2608, 29.5995, -3.6515) (-0.1345, -0.0136, 0.0316, 0.9903) (0.1113, 29.9785, -4.2206) (0.0111, -0.0233, 0.0086, -0.9996) -3.870816 26.25274 96.3462
0 1 143.4706 (0.3585, 29.6119, -3.6384) (-0.1496, 0.1354, 0.0333, 0.9789) (0.1151, 29.9780, -4.2186) (0.0067, -0.0575, 0.0102, -0.9983) 25.483 30.18263 91.85828
1 1 144.0708 (0.2014, 29.6103, -3.6773) (-0.1636, -0.1399, 0.0439, 0.9756) (0.1091, 29.9777, -4.2177) (0.0052, 0.0132, 0.0032, -0.9999) -28.7278 30.69616 90.73256
2 1 144.5819 (0.3266, 29.6759, -3.6431) (-0.2423, 0.1035, 0.0572, 0.9630) (0.1070, 29.9785, -4.2191) (0.0088, -0.0057, 0.0025, -0.9999) 17.17055 47.84352 86.11704
3 1 145.1932 (0.2246, 29.5568, -3.6552) (-0.0714, -0.1061, 0.0711, 0.9892) (0.1085, 29.9776, -4.2124) (0.0007, 0.0104, 0.0012, -0.9999) -22.0128 12.61214 96.72833
4 1 145.7154 (0.2703, 29.7076, -3.6465) (-0.2932, 0.0154, 0.0675, 0.9535) (0.1077, 29.9775, -4.2160) (-0.0008, 0.0077, -0.0005, -1.0000) -1.033884 56.11826 82.76198
5 1 146.2487 (0.2725, 29.5242, -3.6284) (-0.0209, -0.0071, 0.0990, 0.9948) (0.1089, 29.9768, -4.2142) (-0.0042, 0.0100, -0.0019, -0.9999) -1.830209 4.023649 99.90227
6 1 146.9931 (0.2206, 29.6641, -3.6743) (-0.2535, -0.0820, 0.0684, 0.9614) (0.1096, 29.9773, -4.2198) (0.0001, 0.0090, -0.0009, -1.0000) -19.34314 47.70359 85.7993
7 1 147.6375 (0.3430, 29.5442, -3.6266) (-0.0550, 0.1054, 0.0856, 0.9892) (0.1091, 29.9761, -4.2159) (-0.0136, -0.0033, -0.0007, -0.9999) 20.65165 11.7136 97.17466
8 1 148.1153 (0.2005, 29.6086, -3.6862) (-0.1762, -0.1337, 0.0886, 0.9712) (0.1107, 29.9766, -4.2214) (-0.0059, 0.0103, 0.0005, -0.9999) -29.08553 31.85647 90.21751
9 1 148.6263 (0.3561, 29.6182, -3.6571) (-0.1553, 0.1318, 0.0773, 0.9760) (0.1066, 29.9767, -4.2255) (-0.0083, -0.0046, -0.0019, -1.0000) 23.328 32.34892 91.70385
10 1 149.1933 (0.2291, 29.5552, -3.6841) (-0.0741, -0.1012, 0.0798, 0.9889) (0.1067, 29.9769, -4.2249) (-0.0084, 0.0057, -0.0016, -0.9999) -21.18398 13.02689 96.85346
11 1 149.6823 (0.3314, 29.6880, -3.6537) (-0.2482, 0.1093, 0.0912, 0.9582) (0.1051, 29.9771, -4.2259) (-0.0081, -0.0024, -0.0040, -1.0000) 16.41488 49.56035 85.28964
12 1 150.2489 (0.2792, 29.5098, -3.6399) (-0.0208, -0.0057, 0.1212, 0.9924) (0.1051, 29.9761, -4.2136) (-0.0163, 0.0052, -0.0058, -0.9998) -1.705635 3.833717 99.90701
13 1 150.7937 (0.2709, 29.6805, -3.6691) (-0.2940, 0.0166, 0.0941, 0.9510) (0.1067, 29.9765, -4.2169) (-0.0122, 0.0058, -0.0028, -0.9999) -2.364209 56.19608 82.65953
14 1 151.3044 (0.3434, 29.5376, -3.6284) (-0.0503, 0.1010, 0.1030, 0.9883) (0.1077, 29.9761, -4.2127) (-0.0148, 0.0025, -0.0009, -0.9999) 18.92166 12.01926 97.45516
15 1 151.871 (0.2253, 29.6547, -3.6737) (-0.2668, -0.0777, 0.0866, 0.9567) (0.1081, 29.9763, -4.2120) (-0.0137, 0.0093, -0.0015, -0.9999) -19.4805 49.69868 84.55477
0 1 152.3713 (0.3648, 29.6019, -3.6362) (-0.1523, 0.1516, 0.1062, 0.9708) (0.1068, 29.9758, -4.2089) (-0.0172, -0.0011, -0.0035, -0.9998) 26.20193 32.79007 90.76492
1 1 152.8602 (0.1999, 29.6035, -3.6757) (-0.1803, -0.1361, 0.0900, 0.9700) (0.1068, 29.9762, -4.2109) (-0.0136, 0.0138, -0.0023, -0.9998) -29.64108 32.53884 89.79215
2 1 153.3378 (0.3319, 29.6706, -3.6527) (-0.2421, 0.1113, 0.0755, 0.9609) (0.1065, 29.9763, -4.2161) (-0.0127, 0.0066, -0.0041, -0.9999) 17.7267 48.21171 85.79858
3 1 153.8381 (0.2269, 29.5574, -3.6719) (-0.0824, -0.1058, 0.0943, 0.9865) (0.1063, 29.9760, -4.2152) (-0.0152, 0.0142, -0.0040, -0.9998) -22.42986 14.26767 96.40195
4 1 154.2933 (0.2675, 29.6982, -3.6739) (-0.2998, 0.0167, 0.0855, 0.9500) (0.1045, 29.9760, -4.2182) (-0.0160, 0.0109, -0.0061, -0.9998) -1.962188 57.24178 81.97273
5 1 154.8711 (0.2668, 29.5189, -3.6518) (-0.0274, -0.0029, 0.1258, 0.9917) (0.1044, 29.9763, -4.2159) (-0.0162, 0.0118, -0.0087, -0.9998) -1.266044 5.368645 99.8478
6 1 155.3711 (0.2183, 29.6724, -3.6830) (-0.2707, -0.0771, 0.0844, 0.9559) (0.1088, 29.9756, -4.2210) (-0.0176, 0.0187, -0.0056, -0.9997) -19.31288 50.43913 84.16
7 1 155.9488 (0.3431, 29.5445, -3.6369) (-0.0484, 0.1013, 0.0941, 0.9892) (0.1050, 29.9760, -4.2196) (-0.0164, 0.0168, -0.0081, -0.9997) 19.13536 11.48869 97.47742
8 1 156.4044 (0.1933, 29.6174, -3.6860) (-0.1827, -0.1375, 0.0892, 0.9694) (0.1079, 29.9758, -4.2193) (-0.0172, 0.0149, -0.0040, -0.9997) -29.92248 32.96195 89.54415
9 1 156.9489 (0.3709, 29.6156, -3.6361) (-0.1457, 0.1483, 0.0717, 0.9755) (0.1064, 29.9759, -4.2147) (-0.0184, 0.0046, -0.0052, -0.9998) 26.84817 30.5577 91.35317
10 1 157.5827 (0.2207, 29.5525, -3.6521) (-0.0610, -0.0988, 0.0973, 0.9885) (0.1059, 29.9768, -4.2135) (-0.0136, 0.0174, -0.0054, -0.9997) -20.71296 10.14803 97.3036
11 1 158.0606 (0.3302, 29.6949, -3.6238) (-0.2487, 0.1079, 0.0796, 0.9593) (0.1049, 29.9767, -4.2144) (-0.0149, 0.0102, -0.0046, -0.9998) 16.74642 49.43314 85.29902
12 1 158.5827 (0.2829, 29.5174, -3.6271) (-0.0089, -0.0154, 0.1011, 0.9947) (0.1078, 29.9761, -4.2051) (-0.0178, 0.0133, -0.0031, -0.9997) -3.250321 1.468366 99.93638
13 1 159.0839 (0.2758, 29.7066, -3.6295) (-0.2868, 0.0225, 0.0841, 0.9540) (0.1084, 29.9765, -4.2072) (-0.0138, 0.0133, -0.0025, -0.9998) -0.524833 55.09605 83.4519
14 1 159.5606 (0.3469, 29.5444, -3.6064) (-0.0437, 0.0955, 0.0897, 0.9904) (0.1096, 29.9759, -4.2031) (-0.0167, 0.0102, -0.0028, -0.9998) 18.13624 10.37518 97.7928
15 1 160.1388 (0.2206, 29.6774, -3.6625) (-0.2689, -0.0811, 0.0842, 0.9561) (0.1115, 29.9763, -4.2123) (-0.0127, 0.0129, 0.0007, -0.9998) -20.03869 50.04639 84.22475
0 1 160.6384 (0.3763, 29.6201, -3.6301) (-0.1542, 0.1545, 0.0982, 0.9709) (0.1074, 29.9762, -4.2123) (-0.0169, 0.0046, -0.0020, -0.9998) 26.96474 32.98429 90.47065
1 1 161.1166 (0.1954, 29.6215, -3.6724) (-0.1829, -0.1333, 0.0853, 0.9703) (0.1092, 29.9761, -4.2144) (-0.0160, 0.0173, -0.0016, -0.9997) -28.99318 33.21637 89.75561
2 1 161.583 (0.3355, 29.6917, -3.6386) (-0.2457, 0.1078, 0.0864, 0.9594) (0.1074, 29.9764, -4.2201) (-0.0136, 0.0082, -0.0029, -0.9999) 16.44756 49.01583 85.59746
3 1 162.0495 (0.2336, 29.5600, -3.6734) (-0.0783, -0.0965, 0.1077, 0.9864) (0.1056, 29.9774, -4.2234) (-0.0043, 0.0208, -0.0047, -0.9998) -20.71998 13.37331 96.91149
4 1 162.494 (0.2774, 29.7208, -3.6643) (-0.2958, 0.0222, 0.0967, 0.9501) (0.1059, 29.9775, -4.2298) (-0.0055, 0.0118, -0.0017, -0.9999) -1.491303 56.64276 82.39766
5 1 163.0273 (0.2837, 29.5263, -3.6499) (-0.0187, -0.0094, 0.1215, 0.9924) (0.1054, 29.9772, -4.2257) (-0.0088, 0.0140, -0.0053, -0.9998) -2.311746 3.483539 99.91257
6 1 163.4941 (0.2173, 29.6835, -3.6801) (-0.2647, -0.0729, 0.1143, 0.9547) (0.1094, 29.9762, -4.2283) (-0.0159, 0.0097, -0.0001, -0.9998) -19.98036 48.88425 84.91828
7 1 164.0154 (0.3528, 29.5700, -3.6363) (-0.0507, 0.1027, 0.1234, 0.9857) (0.1048, 29.9853, -4.2189) (-0.0133, 0.0132, -0.0041, -0.9998) 19.00104 12.53652 97.37451
8 1 164.4492 (0.1987, 29.6501, -3.6684) (-0.1919, -0.1218, 0.1143, 0.9671) (0.1082, 29.9864, -4.2167) (-0.0146, 0.0142, 0.0018, -0.9998) -27.94214 34.33867 89.66656
9 1 164.9606 (0.3744, 29.6379, -3.6230) (-0.1421, 0.1509, 0.0992, 0.9732) (0.1042, 29.9843, -4.2102) (-0.0212, 0.0088, -0.0034, -0.9997) 26.55995 30.65825 91.40372
10 1 165.4052 (0.2260, 29.5634, -3.6449) (-0.0589, -0.1039, 0.1156, 0.9861) (0.1047, 29.9846, -4.2078) (-0.0153, 0.0196, -0.0028, -0.9997) -21.84928 9.209774 97.14828
11 1 165.8489 (0.3369, 29.7181, -3.6049) (-0.2400, 0.1110, 0.1207, 0.9568) (0.1050, 29.9851, -4.2101) (-0.0137, 0.0117, -0.0022, -0.9998) 15.44688 48.60494 86.01717
12 1 167.3831 (0.2767, 29.5448, -3.6306) (-0.0127, -0.0118, 0.1252, 0.9920) (0.1026, 29.9852, -4.2067) (-0.0162, 0.0136, -0.0045, -0.9998) -2.649954 2.2299 99.93999
13 1 167.9274 (0.2740, 29.7301, -3.6527) (-0.2888, 0.0196, 0.1083, 0.9511) (0.1084, 29.9857, -4.2128) (-0.0122, 0.0070, 0.0020, -0.9999) -2.480089 55.32641 83.24638
14 1 168.4388 (0.3472, 29.5731, -3.6424) (-0.0554, 0.0938, 0.1220, 0.9865) (0.1096, 29.9848, -4.2130) (-0.0188, 0.0035, 0.0017, -0.9998) 17.15949 13.2268 97.62481
15 1 169.0052 (0.2214, 29.7013, -3.7207) (-0.2662, -0.0796, 0.0925, 0.9562) (0.1099, 29.9840, -4.2353) (-0.0156, 0.0094, 0.0004, -0.9998) -20.14672 49.42776 84.56362
0 1 169.5053 (0.3718, 29.6358, -3.6942) (-0.1504, 0.1428, 0.1059, 0.9725) (0.1088, 29.9840, -4.2366) (-0.0194, -0.0062, 0.0026, -0.9998) 24.59811 32.2803 91.39429
1 1 170.1277 (0.2121, 29.6236, -3.7224) (-0.1753, -0.1237, 0.1001, 0.9716) (0.1103, 29.9838, -4.2315) (-0.0195, 0.0077, 0.0021, -0.9998) -27.53729 31.59283 90.79422
2 1 170.6053 (0.3418, 29.7011, -3.6810) (-0.2358, 0.1153, 0.1061, 0.9591) (0.1058, 29.9847, -4.2347) (-0.0144, -0.0009, -0.0009, -0.9999) 17.11605 47.66975 86.22433
3 1 171.0944 (0.2306, 29.5767, -3.7059) (-0.0762, -0.1063, 0.1256, 0.9834) (0.1037, 29.9846, -4.2292) (-0.0163, 0.0080, -0.0029, -0.9998) -22.81461 12.32712 96.57917
4 0 171.5278 (0.2792, 29.7300, -3.6865) (-0.2807, 0.0302, 0.1116, 0.9528) (0.1050, 29.9846, -4.2314) (-0.0167, 0.0019, -0.0006, -0.9999) -0.5042553 54.17276 84.0539
5 0 172.0723 (0.2844, 29.5360, -3.6907) (-0.0142, -0.0125, 0.1241, 0.9921) (0.1039, 29.9843, -4.2293) (-0.0193, 0.0038, -0.0050, -0.9998) -2.842582 2.512912 99.928
6 0 172.6056 (0.2193, 29.7105, -3.7062) (-0.2694, -0.0839, 0.0867, 0.9554) (0.1086, 29.9846, -4.2321) (-0.0163, 0.0011, 0.0019, -0.9999) -20.7061 50.02744 84.07445
7 0 173.1613 (0.3587, 29.5793, -3.6736) (-0.0613, 0.1025, 0.1052, 0.9872) (0.1066, 29.9844, -4.2273) (-0.0188, -0.0039, 0.0005, -0.9998) 18.9555 14.26977 97.14455
8 0 173.6613 (0.1913, 29.6479, -3.7046) (-0.1894, -0.1317, 0.0953, 0.9684) (0.1069, 29.9845, -4.2270) (-0.0165, 0.0068, 0.0015, -0.9998) -29.11146 34.16986 89.35851
9 0 174.1614 (0.3799, 29.6451, -3.6597) (-0.1407, 0.1485, 0.0963, 0.9741) (0.1047, 29.9845, -4.2232) (-0.0193, -0.0066, -0.0011, -0.9998) 26.21644 30.27142 91.63155
10 0 174.6392 (0.2365, 29.5789, -3.6883) (-0.0771, -0.0983, 0.1108, 0.9860) (0.1068, 29.9847, -4.2220) (-0.0156, 0.0106, -0.0002, -0.9998) -21.08376 13.01779 96.88143
11 0 175.0502 (0.3459, 29.7272, -3.6578) (-0.2443, 0.1099, 0.1017, 0.9581) (0.1047, 29.9854, -4.2289) (-0.0135, 0.0019, -0.0010, -0.9999) 16.08299 49.05149 85.6463
12 0 175.5836 (0.2853, 29.5451, -3.6796) (-0.0181, -0.0156, 0.1178, 0.9927) (0.1021, 29.9851, -4.2236) (-0.0154, 0.0107, -0.0047, -0.9998) -3.533577 3.234566 99.88519
13 0 176.1729 (0.2794, 29.7451, -3.6825) (-0.2935, 0.0304, 0.0919, 0.9511) (0.1053, 29.9857, -4.2335) (-0.0095, 0.0054, -0.0003, -0.9999) 0.391899 56.38075 82.5897
14 0 176.6504 (0.3645, 29.5738, -3.6614) (-0.0464, 0.1143, 0.0862, 0.9886) (0.1059, 29.9845, -4.2237) (-0.0180, 0.0003, -0.0018, -0.9998) 21.80102 11.14357 96.95636
15 0 177.1505 (0.2232, 29.7142, -3.6891) (-0.2629, -0.0725, 0.0932, 0.9576) (0.1088, 29.9849, -4.2283) (-0.0121, 0.0063, 0.0029, -0.9999) -18.77864 49.00002 85.12556
0 0 177.6393 (0.3740, 29.6436, -3.6614) (-0.1424, 0.1386, 0.1036, 0.9746) (0.1051, 29.9855, -4.2263) (-0.0086, 0.0019, -0.0029, -1.0000) 24.06205 30.6366 92.10004
1 0 178.2732 (0.2024, 29.6346, -3.6914) (-0.1723, -0.1198, 0.0939, 0.9732) (0.1090, 29.9851, -4.2241) (-0.0118, 0.0104, 0.0031, -0.9999) -26.5577 31.28295 91.19247
2 0 178.7948 (0.3400, 29.7189, -3.6473) (-0.2397, 0.1003, 0.0886, 0.9616) (0.1038, 29.9859, -4.2235) (-0.0100, 0.0027, -0.0011, -0.9999) 15.03389 47.86889 86.50175
3 0 179.2837 (0.2379, 29.5871, -3.6673) (-0.0779, -0.0942, 0.1005, 0.9874) (0.1064, 29.9854, -4.2170) (-0.0123, 0.0124, -0.0018, -0.9998) -20.16547 13.48402 97.01307
4 0 179.728 (0.2789, 29.7519, -3.6582) (-0.2901, 0.0229, 0.0932, 0.9522) (0.1061, 29.9854, -4.2240) (-0.0111, 0.0054, 0.0011, -0.9999) -1.042465 55.67202 83.06346
5 0 180.2502 (0.2900, 29.5522, -3.6582) (-0.0181, -0.0031, 0.1091, 0.9939) (0.1030, 29.9850, -4.2217) (-0.0142, 0.0112, -0.0024, -0.9998) -1.016444 3.526667 99.93262
6 0 180.7281 (0.2267, 29.7361, -3.6721) (-0.2723, -0.0661, 0.1003, 0.9547) (0.1069, 29.9862, -4.2264) (-0.0055, 0.0142, 0.0021, -0.9999) -18.08947 50.66111 84.29842
7 0 181.3058 (0.3569, 29.5811, -3.6470) (-0.0461, 0.0960, 0.0956, 0.9897) (0.1047, 29.9855, -4.2204) (-0.0129, 0.0058, 0.0013, -0.9999) 18.12496 10.96757 97.73023
8 0 181.795 (0.1966, 29.6600, -3.6863) (-0.1812, -0.1281, 0.0985, 0.9701) (0.1066, 29.9857, -4.2286) (-0.0070, 0.0169, 0.0017, -0.9998) -28.42663 32.63745 90.14835
9 0 182.2838 (0.3831, 29.6642, -3.6517) (-0.1489, 0.1478, 0.0813, 0.9744) (0.1047, 29.9856, -4.2276) (-0.0102, 0.0051, 0.0012, -0.9999) 26.38854 31.41163 91.19733
10 0 182.7397 (0.2262, 29.5904, -3.6790) (-0.0753, -0.1058, 0.1074, 0.9857) (0.1047, 29.9860, -4.2245) (-0.0090, 0.0163, 0.0032, -0.9998) -22.47131 12.56835 96.62855
11 0 183.2062 (0.3381, 29.7440, -3.6451) (-0.2440, 0.1056, 0.0934, 0.9595) (0.1028, 29.9866, -4.2304) (-0.0072, 0.0091, 0.0012, -0.9999) 15.70717 48.80252 85.85802
12 0 183.6953 (0.2833, 29.5500, -3.6676) (-0.0163, -0.0203, 0.1137, 0.9932) (0.1031, 29.9856, -4.2250) (-0.0081, 0.0178, -0.0019, -0.9998) -4.406162 2.778539 99.86423
13 0 184.2281 (0.2819, 29.7558, -3.6688) (-0.2842, 0.0247, 0.0930, 0.9539) (0.1067, 29.9858, -4.2361) (-0.0072, 0.0083, 0.0046, -0.9999) -0.5649083 54.67507 83.72764
14 0 184.6949 (0.3602, 29.5828, -3.6566) (-0.0466, 0.1020, 0.1035, 0.9883) (0.1051, 29.9856, -4.2288) (-0.0091, 0.0053, 0.0025, -0.9999) 19.19242 11.32012 97.48592
15 0 185.2061 (0.2214, 29.7256, -3.6772) (-0.2630, -0.0803, 0.0997, 0.9563) (0.1099, 29.9847, -4.2272) (-0.0152, 0.0059, 0.0079, -0.9998) -20.60575 48.69776 84.87597
0 0 185.7287 (0.3907, 29.6536, -3.6393) (-0.1381, 0.1565, 0.0890, 0.9739) (0.1066, 29.9855, -4.2190) (-0.0122, 0.0036, 0.0034, -0.9999) 28.02397 29.6953 91.28442
1 0 186.1839 (0.2063, 29.6624, -3.6673) (-0.1801, -0.1227, 0.1029, 0.9705) (0.1098, 29.9854, -4.2187) (-0.0106, 0.0148, 0.0069, -0.9998) -27.5168 32.43018 90.50475
2 0 187.2841 (0.3424, 29.7236, -3.6254) (-0.2480, 0.1120, 0.0921, 0.9578) (0.1090, 29.9853, -4.2120) (-0.0131, 0.0088, 0.0043, -0.9999) 16.88814 49.57544 85.18842
3 0 187.7514 (0.2311, 29.5987, -3.6455) (-0.0832, -0.1026, 0.1273, 0.9830) (0.1069, 29.9857, -4.2118) (-0.0088, 0.0165, 0.0003, -0.9998) -22.29629 13.74516 96.50879
4 0 188.1952 (0.2799, 29.7554, -3.6436) (-0.2891, 0.0285, 0.1159, 0.9498) (0.1081, 29.9859, -4.2204) (-0.0077, 0.0104, 0.0040, -0.9999) -1.291705 55.58483 83.11834
5 0 188.7065 (0.2858, 29.5618, -3.6409) (-0.0157, -0.0047, 0.1254, 0.9920) (0.1050, 29.9860, -4.2207) (-0.0070, 0.0183, -0.0006, -0.9998) -1.329033 2.987178 99.94654
6 0 189.1286 (0.2255, 29.7239, -3.6819) (-0.2639, -0.0776, 0.1115, 0.9549) (0.1094, 29.9857, -4.2293) (-0.0078, 0.0118, 0.0058, -0.9999) -20.70413 48.66301 84.87197
7 0 189.6621 (0.3512, 29.5814, -3.6497) (-0.0463, 0.0944, 0.1167, 0.9876) (0.1051, 29.9858, -4.2252) (-0.0084, 0.0096, 0.0008, -0.9999) 17.56507 11.33932 97.79002
8 0 190.1288 (0.1979, 29.6588, -3.6806) (-0.1759, -0.1247, 0.1130, 0.9699) (0.1101, 29.9855, -4.2282) (-0.0079, 0.0107, 0.0051, -0.9999) -28.17142 31.29593 90.70246
9 0 190.5846 (0.3795, 29.6665, -3.6493) (-0.1473, 0.1432, 0.0962, 0.9739) (0.1069, 29.9863, -4.2279) (-0.0043, 0.0003, 0.0028, -1.0000) 25.05505 31.45159 91.55895
10 0 191.0735 (0.2369, 29.5836, -3.6742) (-0.0637, -0.0991, 0.1117, 0.9867) (0.1083, 29.9864, -4.2259) (-0.0022, 0.0142, 0.0047, -0.9999) -20.98177 10.35479 97.22419
11 0 191.5846 (0.3515, 29.7359, -3.6373) (-0.2326, 0.1153, 0.1098, 0.9594) (0.1069, 29.9869, -4.2312) (0.0000, 0.0074, 0.0036, -1.0000) 17.01913 47.16592 86.52009
12 0 192.0512 (0.2925, 29.5570, -3.6488) (-0.0123, -0.0083, 0.1245, 0.9921) (0.1044, 29.9865, -4.2234) (-0.0016, 0.0172, -0.0008, -0.9998) -1.950679 2.236634 99.95596
13 0 193.129 (0.2973, 29.7264, -3.6809) (-0.2883, 0.0264, 0.1141, 0.9504) (0.1131, 29.9858, -4.2258) (-0.0063, 0.0003, 0.0087, -0.9999) -1.562218 55.40031 83.2368
14 0 193.6402 (0.3519, 29.5650, -3.6472) (-0.0481, 0.0951, 0.1447, 0.9837) (0.1080, 29.9859, -4.2195) (-0.0065, 0.0100, 0.0008, -0.9999) 17.31387 12.21139 97.72979
15 0 194.162 (0.2280, 29.7116, -3.6778) (-0.2701, -0.0701, 0.1172, 0.9531) (0.1096, 29.9865, -4.2240) (-0.0016, 0.0148, 0.0043, -0.9999) -19.69334 49.83452 84.43159
0 0 194.6401 (0.3862, 29.6451, -3.6434) (-0.1437, 0.1558, 0.1209, 0.9698) (0.1065, 29.9858, -4.2168) (-0.0087, 0.0050, 0.0014, -0.9999) 26.74107 31.63853 91.01604
1 0 195.1289 (0.2127, 29.6468, -3.6723) (-0.1809, -0.1222, 0.1189, 0.9686) (0.1090, 29.9857, -4.2174) (-0.0070, 0.0184, 0.0047, -0.9998) -27.98143 32.12872 90.4698
2 0 195.5846 (0.3530, 29.7221, -3.6292) (-0.2447, 0.1248, 0.1229, 0.9537) (0.1049, 29.9859, -4.2149) (-0.0088, 0.0091, 0.0009, -0.9999) 17.79008 49.73154 84.91341
3 0 196.0513 (0.2458, 29.5855, -3.6438) (-0.0852, -0.0939, 0.1492, 0.9806) (0.1079, 29.9853, -4.2069) (-0.0091, 0.0204, 0.0044, -0.9997) -20.95816 13.90399 96.78551
4 0 196.5069 (0.2892, 29.7549, -3.6374) (-0.2978, 0.0379, 0.1177, 0.9466) (0.1097, 29.9851, -4.2152) (-0.0132, 0.0171, 0.0054, -0.9998) 0.1690723 57.27922 81.96989
5 0 197.0628 (0.2940, 29.5476, -3.6482) (-0.0260, -0.0009, 0.1603, 0.9867) (0.1054, 29.9853, -4.2173) (-0.0116, 0.0233, 0.0011, -0.9997) -1.012292 5.095646 99.86496
6 0 197.5962 (0.2272, 29.7320, -3.6690) (-0.2831, -0.0576, 0.1289, 0.9486) (0.1084, 29.9855, -4.2291) (-0.0089, 0.0182, 0.0060, -0.9998) -18.2217 52.22079 83.31242
7 0 198.1741 (0.3577, 29.5817, -3.6367) (-0.0393, 0.0992, 0.1146, 0.9877) (0.1061, 29.9855, -4.2234) (-0.0128, 0.0130, 0.0007, -0.9998) 18.69054 10.03262 97.72415
-1 0 200.7742 (0.2903, 29.6149, -3.6436) (-0.1159, 0.0017, 0.0167, 0.9931) (0.1149, 29.9843, -4.2138) (-0.0050, -0.0276, 0.0129, -0.9995) -0.05730488 23.02094 97.31409
0 0 201.4074 (0.3701, 29.6355, -3.6468) (-0.1529, 0.1377, 0.0241, 0.9783) (0.1181, 29.9841, -4.2182) (-0.0082, -0.0518, 0.0138, -0.9985) 26.19706 30.57508 91.53622
1 0 202.7632 (0.2759, 29.6346, -3.6618) (-0.1522, -0.0173, 0.0376, 0.9875) (0.1121, 29.9844, -4.2221) (-0.0048, -0.0079, 0.0071, -0.9999) -4.567693 29.92563 95.30788
2 0 203.3854 (0.2976, 29.6504, -3.6604) (-0.1809, 0.0376, 0.0381, 0.9820) (0.1117, 29.9846, -4.2224) (-0.0072, -0.0088, 0.0058, -0.9999) 6.014726 35.82583 93.1683
3 0 204.0853 (0.2642, 29.6190, -3.6557) (-0.1172, -0.0383, 0.0395, 0.9916) (0.1110, 29.9845, -4.2170) (-0.0069, -0.0042, 0.0041, -1.0000) -8.527155 22.94439 96.95794
4 0 204.7747 (0.2676, 29.7028, -3.6960) (-0.3533, -0.0007, 0.0354, 0.9348) (0.1125, 29.9851, -4.2172) (-0.0017, -0.0021, 0.0055, -1.0000) -2.631572 66.05493 75.03214
5 0 205.519 (0.2844, 29.6106, -3.6568) (-0.1231, 0.0044, 0.0401, 0.9916) (0.1135, 29.9847, -4.2183) (-0.0042, -0.0032, 0.0069, -1.0000) -0.1206367 24.44095 96.96713
6 0 206.1522 (0.2606, 29.6460, -3.6795) (-0.2062, -0.0453, 0.0326, 0.9769) (0.1131, 29.9852, -4.2199) (-0.0023, -0.0022, 0.0073, -1.0000) -10.20573 39.98726 91.08711
7 0 206.7414 (0.3038, 29.6035, -3.6493) (-0.1097, 0.0452, 0.0484, 0.9918) (0.1130, 29.9846, -4.2171) (-0.0065, -0.0079, 0.0064, -0.9999) 7.896606 22.19982 97.18442
8 0 208.8634 (0.2742, 29.6270, -3.6505) (-0.1531, -0.0182, 0.0378, 0.9873) (0.1149, 29.9852, -4.2110) (-0.0031, -0.0081, 0.0092, -0.9999) -4.753345 30.08484 95.24866
9 0 209.4634 (0.3540, 29.6335, -3.6427) (-0.1560, 0.1360, 0.0411, 0.9775) (0.1160, 29.9854, -4.2133) (-0.0050, -0.0498, 0.0065, -0.9987) 25.2977 31.61653 91.43534
10 0 210.1633 (0.2664, 29.6143, -3.6648) (-0.1217, -0.0327, 0.0480, 0.9909) (0.1123, 29.9855, -4.2181) (-0.0022, -0.0111, 0.0032, -0.9999) -7.644882 23.8102 96.82268
11 0 210.7634 (0.2930, 29.6465, -3.6692) (-0.1846, 0.0370, 0.0450, 0.9811) (0.1127, 29.9857, -4.2227) (-0.0002, -0.0133, 0.0041, -0.9999) 5.594641 36.55612 92.91045
12 0 211.5192 (0.2795, 29.6168, -3.6557) (-0.1199, 0.0047, 0.0460, 0.9917) (0.1125, 29.9854, -4.2180) (-0.0024, -0.0113, 0.0042, -0.9999) -0.1672219 23.83102 97.11877
13 0 212.1526 (0.2647, 29.6919, -3.7047) (-0.3636, -0.0006, 0.0320, 0.9310) (0.1126, 29.9856, -4.2153) (-0.0007, -0.0071, 0.0038, -1.0000) -2.443502 67.702 73.55589
14 0 212.8194 (0.2928, 29.6016, -3.6394) (-0.1069, 0.0467, 0.0457, 0.9921) (0.1136, 29.9850, -4.2117) (-0.0061, -0.0083, 0.0042, -0.9999) 8.282642 21.63306 97.28005
15 0 214.0417 (0.2582, 29.6463, -3.6730) (-0.2034, -0.0417, 0.0298, 0.9778) (0.1142, 29.9847, -4.2132) (-0.0086, -0.0085, 0.0064, -0.9999) -9.369404 39.52803 91.37696
0 0 214.6417 (0.3440, 29.6244, -3.6469) (-0.1493, 0.1361, 0.0496, 0.9781) (0.1146, 29.9847, -4.2142) (-0.0089, -0.0137, 0.0050, -0.9999) 25.13768 30.56036 91.83769
1 0 215.842 (0.2638, 29.6292, -3.6590) (-0.1537, -0.0178, 0.0390, 0.9872) (0.1109, 29.9846, -4.2132) (-0.0096, 0.0020, 0.0006, -1.0000) -4.716535 30.21623 95.20889
2 0 216.4197 (0.2851, 29.6406, -3.6662) (-0.1847, 0.0349, 0.0365, 0.9815) (0.1133, 29.9850, -4.2180) (-0.0058, -0.0028, 0.0027, -1.0000) 5.496137 36.5068 92.93571
3 0 217.042 (0.2614, 29.6138, -3.6686) (-0.1199, -0.0318, 0.0316, 0.9918) (0.1132, 29.9847, -4.2177) (-0.0073, -0.0003, 0.0027, -1.0000) -7.057464 23.59163 96.92072
4 0 218.2861 (0.2696, 29.7179, -3.7292) (-0.3661, -0.0057, 0.0427, 0.9296) (0.1120, 29.9885, -4.2210) (0.0205, -0.0038, 0.0022, -0.9998) -4.193335 68.01232 73.18976
5 0 219.0864 (0.2889, 29.6093, -3.6544) (-0.1223, 0.0022, 0.0471, 0.9914) (0.1176, 29.9865, -4.2109) (0.0066, -0.0028, 0.0075, -0.9999) -0.7106025 24.26883 97.00783
6 0 219.7085 (0.2664, 29.6455, -3.6806) (-0.2054, -0.0454, 0.0348, 0.9770) (0.1182, 29.9863, -4.2147) (0.0070, -0.0013, 0.0078, -0.9999) -10.29122 39.82751 91.14746
7 0 220.3199 (0.3034, 29.5974, -3.6416) (-0.1055, 0.0431, 0.0529, 0.9921) (0.1160, 29.9860, -4.2083) (0.0030, -0.0071, 0.0066, -0.9999) 7.426886 21.38539 97.40383
8 0 221.4199 (0.2749, 29.6186, -3.6375) (-0.1539, -0.0155, 0.0462, 0.9869) (0.1184, 29.9855, -4.1984) (0.0004, -0.0029, 0.0087, -1.0000) -4.474403 30.24079 95.21278
9 0 221.9642 (0.3472, 29.6210, -3.6395) (-0.1508, 0.1407, 0.0528, 0.9771) (0.1179, 29.9861, -4.2091) (0.0043, -0.0103, 0.0104, -0.9999) 25.90638 30.9558 91.49097
10 0 222.576 (0.2667, 29.6093, -3.6671) (-0.1181, -0.0358, 0.0525, 0.9910) (0.1162, 29.9863, -4.2176) (0.0074, -0.0005, 0.0084, -0.9999) -8.325725 23.02391 96.9566
11 0 223.0976 (0.2886, 29.6366, -3.6702) (-0.1858, 0.0358, 0.0450, 0.9809) (0.1154, 29.9863, -4.2188) (0.0062, -0.0045, 0.0073, -0.9999) 5.348105 36.76805 92.84131
12 0 223.7865 (0.2800, 29.6120, -3.6617) (-0.1204, 0.0023, 0.0438, 0.9917) (0.1156, 29.9865, -4.2185) (0.0078, -0.0009, 0.0066, -0.9999) -0.6059297 23.9105 97.09748
13 0 224.4503 (0.2609, 29.6828, -3.7119) (-0.3773, 0.0066, 0.0590, 0.9242) (0.1151, 29.9867, -4.2174) (0.0088, 0.0008, 0.0068, -0.9999) -3.223031 69.82143 71.5163
14 0 225.1752 (0.2890, 29.6089, -3.6615) (-0.1131, 0.0447, 0.0347, 0.9920) (0.1158, 29.9867, -4.2220) (0.0084, -0.0021, 0.0067, -0.9999) 8.086324 22.75034 97.0414
15 0 225.7198 (0.2506, 29.6409, -3.6912) (-0.2036, -0.0413, 0.0311, 0.9777) (0.1138, 29.9868, -4.2236) (0.0082, 0.0015, 0.0056, -0.9999) -9.346041 39.54724 91.37104
0 0 226.2978 (0.3249, 29.6252, -3.6614) (-0.1545, 0.1373, 0.0420, 0.9775) (0.1135, 29.9869, -4.2231) (0.0067, -0.0015, 0.0064, -1.0000) 25.54588 31.36013 91.45464
1 0 226.9534 (0.2664, 29.6250, -3.6753) (-0.1533, -0.0132, 0.0373, 0.9874) (0.1154, 29.9869, -4.2221) (0.0084, 0.0031, 0.0079, -0.9999) -3.741982 30.16784 95.26751
2 0 227.4424 (0.2778, 29.6381, -3.6788) (-0.1847, 0.0343, 0.0354, 0.9816) (0.1145, 29.9871, -4.2242) (0.0091, 0.0006, 0.0075, -0.9999) 5.4267 36.49528 92.94431
3 0 227.9424 (0.2582, 29.6166, -3.6807) (-0.1176, -0.0342, 0.0470, 0.9914) (0.1144, 29.9872, -4.2261) (0.0084, 0.0010, 0.0072, -0.9999) -7.888578 22.98814 97.00163
4 0 228.5313 (0.2605, 29.6892, -3.7325) (-0.3621, 0.0036, 0.0422, 0.9312) (0.1154, 29.9875, -4.2296) (0.0121, -0.0001, 0.0092, -0.9999) -2.380724 67.47191 73.76906
5 0 229.2759 (0.2754, 29.6143, -3.6801) (-0.1182, 0.0014, 0.0308, 0.9925) (0.1151, 29.9875, -4.2285) (0.0101, -0.0011, 0.0083, -0.9999) -0.4549666 23.48089 97.20309
6 0 229.7205 (0.2530, 29.6480, -3.7001) (-0.2061, -0.0408, 0.0325, 0.9771) (0.1157, 29.9875, -4.2288) (0.0111, -0.0002, 0.0089, -0.9999) -9.323269 40.01926 91.16762
7 0 230.2981 (0.2947, 29.6088, -3.6746) (-0.1058, 0.0441, 0.0314, 0.9929) (0.1149, 29.9876, -4.2299) (0.0113, -0.0045, 0.0078, -0.9999) 8.090762 21.2848 97.37298
8 0 231.6313 (0.2623, 29.6305, -3.6781) (-0.1526, -0.0194, 0.0302, 0.9876) (0.1140, 29.9876, -4.2238) (0.0100, 0.0004, 0.0077, -0.9999) -4.74437 30.03132 95.266
9 0 232.187 (0.3432, 29.6334, -3.6558) (-0.1542, 0.1407, 0.0286, 0.9776) (0.1151, 29.9871, -4.2197) (0.0060, -0.0044, 0.0083, -0.9999) 26.62727 30.94401 91.28777
10 0 233.0209 (0.2610, 29.6179, -3.6762) (-0.1183, -0.0331, 0.0442, 0.9914) (0.1131, 29.9871, -4.2246) (0.0080, 0.0019, 0.0064, -0.9999) -7.61444 23.16073 96.98248
11 0 233.5096 (0.2797, 29.6456, -3.6798) (-0.1852, 0.0345, 0.0353, 0.9815) (0.1125, 29.9875, -4.2262) (0.0099, 0.0017, 0.0063, -0.9999) 5.46649 36.59367 92.90329
12 0 234.0983 (0.2742, 29.6180, -3.6667) (-0.1225, 0.0031, 0.0311, 0.9920) (0.1137, 29.9868, -4.2213) (0.0052, 0.0021, 0.0068, -1.0000) -0.1500146 24.32994 96.99501
13 0 234.7427 (0.2598, 29.6953, -3.7152) (-0.3510, 0.0051, 0.0318, 0.9358) (0.1140, 29.9871, -4.2199) (0.0102, 0.0035, 0.0075, -0.9999) -1.285181 65.72556 75.35582
14 0 235.3317 (0.2849, 29.6014, -3.6497) (-0.1059, 0.0458, 0.0462, 0.9922) (0.1129, 29.9868, -4.2188) (0.0049, 0.0019, 0.0078, -1.0000) 8.107543 21.43864 97.33782
15 0 235.8871 (0.2480, 29.6523, -3.6951) (-0.2075, -0.0400, 0.0337, 0.9768) (0.1129, 29.9875, -4.2261) (0.0120, 0.0018, 0.0082, -0.9999) -9.219171 40.27004 91.06773
0 0 236.465 (0.3411, 29.6316, -3.6722) (-0.1520, 0.1514, 0.0422, 0.9758) (0.1108, 29.9878, -4.2309) (0.0112, 0.0011, 0.0057, -0.9999) 28.26217 30.94163 90.79574
1 0 237.043 (0.2570, 29.6298, -3.6834) (-0.1522, -0.0151, 0.0405, 0.9874) (0.1108, 29.9872, -4.2282) (0.0086, 0.0077, 0.0064, -0.9999) -4.222688 29.9377 95.32
2 0 237.4985 (0.2766, 29.6456, -3.6799) (-0.1837, 0.0360, 0.0381, 0.9816) (0.1109, 29.9874, -4.2282) (0.0081, 0.0029, 0.0062, -0.9999) 5.658677 36.3369 92.99252
3 0 237.9764 (0.2528, 29.6174, -3.6735) (-0.1173, -0.0366, 0.0449, 0.9914) (0.1113, 29.9873, -4.2238) (0.0048, 0.0037, 0.0069, -1.0000) -8.316108 22.92549 96.98074
4 1 238.5654 (0.2583, 29.6887, -3.7156) (-0.3455, 0.0015, 0.0406, 0.9376) (0.1124, 29.9874, -4.2215) (0.0087, 0.0027, 0.0076, -0.9999) -2.495426 64.80158 76.13155
5 1 239.221 (0.2737, 29.6113, -3.6565) (-0.1215, 0.0029, 0.0451, 0.9916) (0.1143, 29.9868, -4.2159) (0.0037, 0.0016, 0.0098, -0.9999) -0.06368241 24.42497 97.04697
6 1 239.7655 (0.2511, 29.6471, -3.6777) (-0.2136, -0.0382, 0.0401, 0.9754) (0.1140, 29.9864, -4.2155) (0.0021, 0.0027, 0.0106, -0.9999) -9.229448 41.1977 90.58578
7 1 240.2991 (0.2905, 29.6050, -3.6468) (-0.1089, 0.0482, 0.0615, 0.9910) (0.1136, 29.9868, -4.2157) (0.0006, -0.0013, 0.0096, -1.0000) 8.049705 22.30701 97.16365
8 1 242.0323 (0.2607, 29.6341, -3.6754) (-0.1554, -0.0139, 0.0526, 0.9864) (0.1116, 29.9872, -4.2233) (0.0054, 0.0016, 0.0078, -1.0000) -4.421356 30.40763 95.13097
9 1 242.5655 (0.3305, 29.6330, -3.6565) (-0.1519, 0.1432, 0.0482, 0.9768) (0.1113, 29.9875, -4.2221) (0.0047, -0.0001, 0.0081, -1.0000) 26.5015 31.06063 91.28474
10 1 243.0877 (0.2570, 29.6168, -3.6743) (-0.1192, -0.0340, 0.0574, 0.9906) (0.1119, 29.9879, -4.2242) (0.0082, 0.0056, 0.0079, -0.9999) -7.732619 23.52261 96.92521
11 1 243.5992 (0.2788, 29.6424, -3.6778) (-0.1827, 0.0409, 0.0520, 0.9809) (0.1109, 29.9876, -4.2258) (0.0077, 0.0017, 0.0066, -0.9999) 6.366317 36.39319 92.98834
12 1 244.1656 (0.2694, 29.6163, -3.6685) (-0.1194, 0.0038, 0.0567, 0.9912) (0.1109, 29.9872, -4.2247) (0.0061, 0.0035, 0.0071, -1.0000) -0.05594956 23.48378 97.14363
13 1 244.7214 (0.2545, 29.6810, -3.7112) (-0.3488, 0.0062, 0.0601, 0.9352) (0.1116, 29.9871, -4.2214) (0.0070, 0.0051, 0.0075, -0.9999) -3.043645 65.32381 75.65405
14 1 245.4547 (0.2784, 29.6061, -3.6469) (-0.1101, 0.0421, 0.0558, 0.9915) (0.1119, 29.9867, -4.2151) (0.0020, 0.0035, 0.0069, -1.0000) 7.131516 21.86959 97.21933
15 1 246.5105 (0.2480, 29.6407, -3.6676) (-0.2042, -0.0415, 0.0561, 0.9764) (0.1146, 29.9861, -4.2098) (0.0009, 0.0014, 0.0102, -0.9999) -10.0076 39.64682 91.31749
0 1 247.0658 (0.3313, 29.6268, -3.6439) (-0.1499, 0.1484, 0.0555, 0.9759) (0.1126, 29.9872, -4.2157) (0.0033, 0.0028, 0.0078, -1.0000) 27.30607 30.91403 91.09716
1 1 247.6564 (0.2583, 29.6261, -3.6703) (-0.1555, -0.0154, 0.0483, 0.9865) (0.1136, 29.9870, -4.2203) (0.0059, 0.0063, 0.0093, -0.9999) -4.365491 29.90581 95.11504
2 1 248.1218 (0.2759, 29.6401, -3.6787) (-0.1877, 0.0364, 0.0464, 0.9805) (0.1129, 29.9872, -4.2261) (0.0076, 0.0005, 0.0087, -0.9999) 5.432417 37.10717 92.68921
3 1 248.5884 (0.2530, 29.6171, -3.6852) (-0.1170, -0.0352, 0.0564, 0.9909) (0.1120, 29.9873, -4.2313) (0.0092, 0.0038, 0.0082, -0.9999) -8.110271 22.87735 97.01466
4 1 249.1218 (0.2563, 29.6870, -3.7399) (-0.3543, 0.0023, 0.0488, 0.9339) (0.1134, 29.9876, -4.2352) (0.0103, 0.0022, 0.0099, -0.9999) -3.027685 66.19285 74.89553
5 1 250.0665 (0.2626, 29.6123, -3.6938) (-0.1213, 0.0042, 0.0574, 0.9909) (0.1128, 29.9879, -4.2396) (0.0139, 0.0029, 0.0084, -0.9999) -0.722435 24.27515 97.05326
6 1 250.5997 (0.2458, 29.6468, -3.7227) (-0.2090, -0.0428, 0.0500, 0.9757) (0.1129, 29.9882, -4.2435) (0.0161, 0.0035, 0.0093, -0.9998) -10.39651 40.24654 90.89948
7 1 251.1553 (0.2854, 29.6049, -3.6832) (-0.1058, 0.0494, 0.0653, 0.9910) (0.1116, 29.9882, -4.2382) (0.0117, -0.0016, 0.0092, -0.9999) 8.358393 21.68672 97.27378
8 1 251.7462 (0.2605, 29.6262, -3.6870) (-0.1554, -0.0129, 0.0530, 0.9864) (0.1138, 29.9879, -4.2319) (0.0118, 0.0043, 0.0095, -0.9999) -4.199841 30.39762 95.1393
9 1 252.1663 (0.3261, 29.6272, -3.6680) (-0.1455, 0.1340, 0.0519, 0.9789) (0.1119, 29.9876, -4.2291) (0.0086, 0.0000, 0.0078, -0.9999) 24.7301 29.88436 92.1702
10 1 252.6998 (0.2524, 29.6145, -3.6750) (-0.1192, -0.0318, 0.0626, 0.9904) (0.1119, 29.9877, -4.2247) (0.0078, 0.0055, 0.0089, -0.9999) -7.766399 23.27822 96.95641
11 1 253.1998 (0.2766, 29.6389, -3.6707) (-0.1823, 0.0424, 0.0582, 0.9806) (0.1129, 29.9870, -4.2224) (0.0047, 0.0019, 0.0100, -0.9999) 6.167491 36.37587 92.99191
12 1 253.7442 (0.2678, 29.6119, -3.6568) (-0.1189, 0.0065, 0.0594, 0.9911) (0.1135, 29.9870, -4.2162) (0.0021, 0.0040, 0.0100, -0.9999) 0.136859 23.51303 97.16413
13 1 254.3003 (0.2548, 29.6765, -3.6958) (-0.3486, 0.0059, 0.0577, 0.9355) (0.1134, 29.9871, -4.2114) (0.0021, 0.0050, 0.0102, -0.9999) -2.924719 65.30284 75.6846
14 1 255.4223 (0.2762, 29.6006, -3.6367) (-0.1106, 0.0472, 0.0669, 0.9905) (0.1132, 29.9866, -4.2086) (0.0012, 0.0044, 0.0099, -0.9999) 7.545152 22.36324 97.10564
15 1 255.9445 (0.2458, 29.6379, -3.6717) (-0.2019, -0.0389, 0.0481, 0.9774) (0.1143, 29.9869, -4.2142) (0.0050, 0.0049, 0.0111, -0.9999) -9.533484 39.05768 91.54358
0 1 256.5223 (0.3243, 29.6238, -3.6593) (-0.1556, 0.1366, 0.0593, 0.9765) (0.1138, 29.9875, -4.2222) (0.0070, -0.0038, 0.0110, -0.9999) 24.80114 32.04512 91.42308
1 1 257.6446 (0.2529, 29.6261, -3.6817) (-0.1536, -0.0149, 0.0486, 0.9868) (0.1121, 29.9877, -4.2272) (0.0106, 0.0038, 0.0098, -0.9999) -3.92682 30.413 95.23565
2 1 258.1892 (0.2691, 29.6389, -3.6839) (-0.1859, 0.0400, 0.0457, 0.9807) (0.1127, 29.9878, -4.2298) (0.0100, 0.0046, 0.0096, -0.9999) 5.827084 36.70635 92.77204
3 1 258.6893 (0.2509, 29.6152, -3.6755) (-0.1176, -0.0322, 0.0510, 0.9912) (0.1134, 29.9877, -4.2252) (0.0102, 0.0051, 0.0100, -0.9999) -7.42827 23.751 97.02757
4 1 259.2114 (0.2527, 29.6811, -3.7136) (-0.3569, -0.0080, 0.0372, 0.9334) (0.1128, 29.9877, -4.2197) (0.0091, 0.0039, 0.0097, -0.9999) -4.14817 66.56232 74.5073
5 1 259.9253 (0.2656, 29.6102, -3.6565) (-0.1262, 0.0057, 0.0384, 0.9912) (0.1136, 29.9870, -4.2168) (0.0044, 0.0047, 0.0108, -0.9999) 0.1186095 24.48625 96.80714
6 1 260.4557 (0.2500, 29.6447, -3.6846) (-0.2043, -0.0446, 0.0315, 0.9774) (0.1139, 29.9873, -4.2199) (0.0062, 0.0049, 0.0110, -0.9999) -9.459076 39.15709 91.25717
7 1 261.0004 (0.2823, 29.6053, -3.6570) (-0.1048, 0.0435, 0.0471, 0.9924) (0.1129, 29.9877, -4.2218) (0.0087, 0.0013, 0.0104, -0.9999) 7.643087 21.22572 97.42504
8 1 261.5558 (0.2557, 29.6271, -3.6740) (-0.1537, -0.0149, 0.0375, 0.9873) (0.1135, 29.9876, -4.2233) (0.0092, 0.0062, 0.0103, -0.9999) -3.851465 30.33249 95.23352
9 1 262.0889 (0.3164, 29.6270, -3.6602) (-0.1497, 0.1338, 0.0355, 0.9790) (0.1126, 29.9878, -4.2260) (0.0097, 0.0051, 0.0096, -0.9999) 25.1259 30.25403 91.94226
10 1 262.6335 (0.2536, 29.6157, -3.6767) (-0.1163, -0.0364, 0.0404, 0.9917) (0.1130, 29.9877, -4.2259) (0.0096, 0.0079, 0.0105, -0.9999) -7.806395 23.07008 97.02735
11 1 264.0337 (0.2739, 29.6411, -3.6831) (-0.1837, 0.0403, 0.0372, 0.9814) (0.1132, 29.9882, -4.2279) (0.0147, 0.0027, 0.0101, -0.9998) 6.11115 36.24158 92.92333
12 1 265.178 (0.2625, 29.6229, -3.6760) (-0.1184, 0.0021, 0.0337, 0.9924) (0.1123, 29.9883, -4.2286) (0.0145, 0.0039, 0.0095, -0.9998) -0.3477234 23.34256 97.19431
13 1 265.7337 (0.2568, 29.6862, -3.7219) (-0.3689, 0.0027, 0.0384, 0.9287) (0.1134, 29.9881, -4.2247) (0.0137, 0.0038, 0.0103, -0.9998) -2.335221 68.53509 72.78632
14 1 266.2892 (0.2793, 29.6071, -3.6499) (-0.1055, 0.0418, 0.0353, 0.9929) (0.1137, 29.9874, -4.2179) (0.0089, 0.0032, 0.0109, -0.9999) 7.461672 21.66539 97.42231
15 1 266.9339 (0.2470, 29.6449, -3.6793) (-0.2101, -0.0441, 0.0339, 0.9761) (0.1138, 29.9873, -4.2179) (0.0074, 0.0074, 0.0112, -0.9999) -9.848025 40.5884 90.78503
0 1 267.4671 (0.3300, 29.6332, -3.6633) (-0.1635, 0.1336, 0.0443, 0.9765) (0.1136, 29.9874, -4.2237) (0.0093, -0.0027, 0.0107, -0.9999) 24.59072 33.17923 91.08372
1 1 269.0005 (0.2594, 29.6286, -3.6726) (-0.1561, -0.0154, 0.0390, 0.9868) (0.1138, 29.9873, -4.2209) (0.0070, 0.0047, 0.0106, -0.9999) -4.131857 30.39824 95.0785
2 1 269.4784 (0.2769, 29.6403, -3.6694) (-0.1850, 0.0365, 0.0310, 0.9816) (0.1138, 29.9873, -4.2206) (0.0063, 0.0044, 0.0110, -0.9999) 5.912188 36.33139 92.88723
3 1 269.9894 (0.2531, 29.6147, -3.6687) (-0.1187, -0.0391, 0.0389, 0.9914) (0.1139, 29.9874, -4.2205) (0.0075, 0.0054, 0.0107, -0.9999) -8.143232 23.58498 96.87878
4 1 270.6229 (0.2544, 29.6796, -3.7144) (-0.3608, 0.0018, 0.0535, 0.9311) (0.1134, 29.9877, -4.2207) (0.0095, 0.0043, 0.0106, -0.9999) -3.528729 67.20956 73.96153
5 1 271.323 (0.2710, 29.6096, -3.6670) (-0.1209, 0.0019, 0.0380, 0.9919) (0.1150, 29.9875, -4.2231) (0.0089, 0.0044, 0.0121, -0.9999) -0.1618804 23.65362 97.07831
6 1 271.8566 (0.2494, 29.6398, -3.6917) (-0.2054, -0.0468, 0.0463, 0.9765) (0.1137, 29.9875, -4.2251) (0.0093, 0.0044, 0.0110, -0.9999) -10.70112 39.62778 91.12711
7 1 272.4122 (0.2878, 29.6080, -3.6639) (-0.1104, 0.0403, 0.0342, 0.9925) (0.1130, 29.9877, -4.2240) (0.0096, -0.0006, 0.0108, -0.9999) 7.652467 22.50613 97.23577
