Fitts Law Experiment
Subject T: BcaD
FOV: 87.95473
Width: 1920
Height: 1080
XRHieght: 1600
XRWidth: 1344
Target# Filter? Time Touch Pos Touch Rot Head Pos Head Rot xfilter yfilter zfilter
-1 1 6.838903 (0.8947, 29.5278, -4.9106) (-0.2896, -0.0143, 0.0113, 0.9570) (0.4136, 29.9388, -4.8229) (-0.0384, -0.0139, 0.0059, -0.9991) -3.285088 54.83904 83.1871
0 1 8.939294 (0.9364, 29.4914, -4.8840) (-0.1660, 0.1054, 0.0368, 0.9798) (0.4179, 29.9365, -4.8182) (-0.0525, -0.0196, 0.0069, -0.9984) 20.02073 33.51805 92.26435
1 1 9.906106 (0.8734, 29.4857, -4.9105) (-0.1693, -0.1438, 0.0611, 0.9731) (0.4126, 29.9359, -4.8193) (-0.0549, 0.0186, -0.0036, -0.9983) -30.0729 31.09327 90.1328
2 1 10.81742 (0.9268, 29.5142, -4.8762) (-0.2403, 0.0799, 0.0558, 0.9658) (0.4171, 29.9438, -4.8097) (-0.0572, 0.0017, -0.0011, -0.9984) 13.3016 47.52909 87.17236
3 1 11.77289 (0.8755, 29.4580, -4.8830) (-0.0788, -0.1149, 0.1084, 0.9843) (0.4127, 29.9396, -4.8053) (-0.0766, 0.0304, -0.0092, -0.9966) -24.11052 13.07857 96.11874
4 1 12.71742 (0.9051, 29.5069, -4.9031) (-0.2891, 0.0015, 0.0855, 0.9535) (0.4172, 29.9431, -4.8176) (-0.0510, 0.0191, -0.0074, -0.9985) -2.969377 55.09809 83.28564
5 1 13.65089 (0.9058, 29.4158, -4.8708) (-0.0368, -0.0291, 0.1722, 0.9839) (0.4181, 29.9388, -4.8064) (-0.0823, 0.0173, -0.0062, -0.9964) -6.267699 6.210152 99.56003
6 1 14.55095 (0.8941, 29.4614, -4.8896) (-0.2629, -0.0839, 0.1070, 0.9552) (0.4212, 29.9400, -4.8044) (-0.0767, 0.0243, -0.0028, -0.9968) -21.2715 48.50726 84.76598
7 1 15.4063 (0.9321, 29.4144, -4.8435) (-0.0695, 0.0707, 0.1633, 0.9816) (0.4197, 29.9376, -4.7923) (-0.0904, 0.0099, -0.0017, -0.9959) 12.99804 16.55869 98.03328
8 1 16.31761 (0.8679, 29.4385, -4.8629) (-0.1842, -0.1252, 0.1437, 0.9642) (0.4112, 29.9387, -4.7891) (-0.0821, 0.0258, -0.0085, -0.9963) -29.47044 31.01609 90.08238
9 1 17.26197 (0.9680, 29.4441, -4.8342) (-0.1404, 0.1343, 0.1639, 0.9672) (0.4208, 29.9410, -4.7949) (-0.0703, -0.0066, 0.0047, -0.9975) 21.78908 31.59413 92.45435
10 1 18.16204 (0.8890, 29.4250, -4.8765) (-0.0897, -0.1025, 0.2001, 0.9703) (0.4182, 29.9408, -4.8067) (-0.0675, 0.0281, -0.0046, -0.9973) -22.98533 13.43996 96.28799
11 1 19.00686 (0.9541, 29.4886, -4.8576) (-0.2368, 0.1128, 0.1667, 0.9505) (0.4250, 29.9429, -4.8058) (-0.0553, -0.0041, 0.0045, -0.9984) 13.14485 48.48814 86.24442
12 1 19.96214 (0.9256, 29.3762, -4.8640) (-0.0302, -0.0201, 0.2471, 0.9683) (0.4223, 29.9408, -4.8088) (-0.0660, 0.0077, -0.0035, -0.9978) -5.205663 4.857611 99.73717
13 1 20.70683 (0.9170, 29.5189, -4.8848) (-0.2799, 0.0290, 0.1854, 0.9415) (0.4205, 29.9459, -4.8166) (-0.0333, 0.0119, -0.0058, -0.9994) -4.897141 54.14236 84.16618
14 1 21.50691 (0.9641, 29.3891, -4.8501) (-0.0556, 0.0825, 0.2598, 0.9605) (0.4220, 29.9427, -4.8113) (-0.0542, 0.0039, -0.0038, -0.9985) 13.53299 14.7255 98.02106
15 1 22.3292 (0.8917, 29.4631, -4.8893) (-0.2748, -0.0421, 0.2604, 0.9246) (0.4195, 29.9437, -4.8168) (-0.0457, 0.0279, -0.0058, -0.9985) -22.05085 48.70993 84.54052
0 1 23.06229 (0.9832, 29.4294, -4.8485) (-0.1344, 0.1443, 0.2859, 0.9378) (0.4257, 29.9424, -4.8130) (-0.0563, 0.0015, 0.0024, -0.9984) 18.49786 33.17327 92.22347
1 1 23.88486 (0.8651, 29.4316, -4.8924) (-0.2053, -0.1004, 0.2837, 0.9313) (0.4201, 29.9421, -4.8122) (-0.0585, 0.0257, -0.0048, -0.9979) -29.7371 32.61474 89.55067
2 1 24.6181 (0.9599, 29.4648, -4.8587) (-0.2230, 0.1301, 0.2738, 0.9265) (0.4237, 29.9429, -4.8157) (-0.0543, 0.0064, -0.0023, -0.9985) 12.03101 48.63696 86.66805
3 1 25.49604 (0.8997, 29.3819, -4.8919) (-0.1033, -0.0835, 0.3154, 0.9396) (0.4244, 29.9409, -4.8130) (-0.0658, 0.0190, -0.0042, -0.9976) -21.43187 14.1705 96.4686
4 1 26.26261 (0.9287, 29.4494, -4.8775) (-0.2817, 0.0634, 0.2769, 0.9165) (0.4243, 29.9417, -4.8137) (-0.0601, 0.0181, -0.0039, -0.9980) -3.628689 55.63866 83.32413
5 1 27.16273 (0.9315, 29.3389, -4.8650) (-0.0471, -0.0185, 0.3346, 0.9410) (0.4228, 29.9393, -4.8046) (-0.0757, 0.0174, -0.0052, -0.9970) -6.056335 7.276553 99.48811
6 1 28.08499 (0.9028, 29.4034, -4.8762) (-0.2780, -0.0327, 0.2931, 0.9142) (0.4201, 29.9409, -4.8079) (-0.0645, 0.0240, -0.0072, -0.9976) -21.81332 49.42177 84.32612
7 1 28.74067 (0.9751, 29.3412, -4.8598) (-0.0624, 0.0878, 0.3225, 0.9404) (0.4252, 29.9398, -4.8074) (-0.0741, 0.0104, -0.0028, -0.9972) 12.27001 17.43535 97.68142
8 1 29.55187 (0.9074, 29.3716, -4.9025) (-0.2053, -0.1003, 0.3326, 0.9150) (0.4242, 29.9409, -4.8202) (-0.0641, 0.0272, -0.0078, -0.9975) -31.62189 30.90379 89.55617
9 1 30.24114 (1.0174, 29.3919, -4.8581) (-0.1191, 0.1488, 0.3102, 0.9314) (0.4339, 29.9407, -4.8178) (-0.0662, 0.0031, 0.0044, -0.9978) 20.41787 31.69245 92.73697
10 1 31.24072 (0.9125, 29.3658, -4.8952) (-0.1005, -0.0891, 0.3415, 0.9302) (0.4256, 29.9408, -4.8202) (-0.0640, 0.0216, -0.0050, -0.9977) -23.35523 12.78711 96.3926
11 1 31.95199 (0.9913, 29.4598, -4.8638) (-0.2172, 0.1387, 0.2982, 0.9190) (0.4282, 29.9419, -4.8208) (-0.0585, 0.0134, -0.0036, -0.9982) 12.5701 48.45333 86.71731
12 1 32.74081 (0.9514, 29.3480, -4.8803) (-0.0242, -0.0092, 0.3551, 0.9345) (0.4288, 29.9402, -4.8187) (-0.0685, 0.0163, -0.0023, -0.9975) -3.128258 4.296824 99.86573
13 1 33.41858 (0.9448, 29.4765, -4.8867) (-0.2874, 0.0663, 0.2922, 0.9098) (0.4275, 29.9414, -4.8203) (-0.0591, 0.0199, -0.0040, -0.9980) -4.240158 55.93887 82.60268
14 1 34.20767 (0.9762, 29.3547, -4.8563) (-0.0364, 0.0881, 0.3666, 0.9255) (0.4234, 29.9396, -4.8132) (-0.0700, 0.0194, -0.0073, -0.9973) 13.89275 13.41485 98.18304
15 1 34.8521 (0.9013, 29.4525, -4.8842) (-0.2770, -0.0218, 0.3147, 0.9076) (0.4244, 29.9413, -4.8139) (-0.0606, 0.0312, -0.0050, -0.9977) -21.60443 48.695 84.56277
0 1 35.57452 (1.0094, 29.4200, -4.8596) (-0.1123, 0.1539, 0.3374, 0.9219) (0.4249, 29.9409, -4.8146) (-0.0589, -0.0028, -0.0003, -0.9983) 20.80257 31.1011 92.74031
1 1 36.20794 (0.8778, 29.4290, -4.9237) (-0.2118, -0.0971, 0.3077, 0.9225) (0.4094, 29.9389, -4.8255) (-0.0522, 0.0741, -0.0113, -0.9958) -30.26115 33.50348 89.14259
2 1 37.36337 (0.9768, 29.4522, -4.8748) (-0.2268, 0.1305, 0.3079, 0.9147) (0.4228, 29.9401, -4.8131) (-0.0534, 0.0064, -0.0003, -0.9986) 10.25095 49.36109 86.30478
3 1 38.11887 (0.9097, 29.3872, -4.9021) (-0.1167, -0.0861, 0.3519, 0.9247) (0.4181, 29.9393, -4.8115) (-0.0599, 0.0280, -0.0061, -0.9978) -23.56401 15.73911 95.78987
4 1 38.89676 (0.9402, 29.4456, -4.8792) (-0.2786, 0.0734, 0.3069, 0.9071) (0.4143, 29.9398, -4.8084) (-0.0561, 0.0225, -0.0096, -0.9981) -3.349494 55.00019 83.40078
5 1 39.64103 (0.9422, 29.3622, -4.8732) (-0.0535, -0.0200, 0.3804, 0.9231) (0.4137, 29.9382, -4.8052) (-0.0674, 0.0197, -0.0094, -0.9975) -7.452056 8.390253 99.34669
6 1 40.54118 (0.9270, 29.4202, -4.9000) (-0.2812, -0.0136, 0.3224, 0.9038) (0.4173, 29.9398, -4.8162) (-0.0543, 0.0268, -0.0071, -0.9981) -20.36595 49.86782 84.14634
7 1 41.2412 (0.9884, 29.3599, -4.8652) (-0.0383, 0.0856, 0.3712, 0.9238) (0.4184, 29.9383, -4.8059) (-0.0666, 0.0052, -0.0044, -0.9978) 13.36644 14.28244 98.24079
8 1 41.93045 (0.9270, 29.3936, -4.9081) (-0.2152, -0.0835, 0.3536, 0.9065) (0.4200, 29.9399, -4.8193) (-0.0580, 0.0243, -0.0055, -0.9980) -29.56943 33.07555 89.34538
9 1 42.60812 (1.0301, 29.4063, -4.8876) (-0.1147, 0.1481, 0.3471, 0.9189) (0.4315, 29.9405, -4.8267) (-0.0538, -0.0011, 0.0064, -0.9985) 19.50519 31.81544 92.97729
10 1 43.5975 (0.9394, 29.3762, -4.9143) (-0.1075, -0.0866, 0.3717, 0.9181) (0.4224, 29.9397, -4.8261) (-0.0552, 0.0207, -0.0076, -0.9982) -23.56419 13.61627 96.19211
11 1 44.35257 (1.0050, 29.4496, -4.8871) (-0.2227, 0.1440, 0.3174, 0.9105) (0.4258, 29.9414, -4.8266) (-0.0459, 0.0027, -0.0025, -0.9989) 13.02879 49.50856 85.93758
12 1 45.09724 (0.9638, 29.3570, -4.9029) (-0.0286, -0.0099, 0.3882, 0.9211) (0.4270, 29.9397, -4.8253) (-0.0553, 0.0053, 0.0000, -0.9985) -3.792595 5.163017 99.81728
13 1 45.76364 (0.9529, 29.4768, -4.9043) (-0.2730, 0.0755, 0.3119, 0.9069) (0.4236, 29.9403, -4.8240) (-0.0527, 0.0093, -0.0046, -0.9986) -3.224715 54.54648 83.955
14 1 46.5415 (0.9961, 29.3629, -4.8739) (-0.0280, 0.0906, 0.3754, 0.9220) (0.4197, 29.9387, -4.8143) (-0.0630, 0.0015, -0.0045, -0.9980) 15.15075 12.30135 98.2017
15 1 47.20844 (0.9266, 29.4512, -4.8905) (-0.2753, -0.0240, 0.3243, 0.9047) (0.4162, 29.9404, -4.8140) (-0.0541, 0.0206, -0.0087, -0.9983) -22.0806 48.15096 84.7255
0 1 47.86366 (1.0105, 29.4235, -4.8516) (-0.1230, 0.1549, 0.3576, 0.9127) (0.4183, 29.9398, -4.8093) (-0.0587, 0.0068, -0.0045, -0.9982) 19.60289 33.16728 92.17491
1 1 48.49718 (0.8989, 29.4286, -4.9018) (-0.2093, -0.0917, 0.3254, 0.9175) (0.4182, 29.9397, -4.8125) (-0.0614, 0.0213, -0.0058, -0.9979) -30.18906 32.22776 89.55447
2 1 49.85295 (1.0042, 29.4782, -4.8761) (-0.2330, 0.1441, 0.3143, 0.9089) (0.4270, 29.9409, -4.8185) (-0.0531, 0.0053, -0.0013, -0.9986) 12.21674 51.56138 84.99328
3 1 50.5639 (0.9173, 29.3882, -4.9030) (-0.1157, -0.0862, 0.3576, 0.9227) (0.4224, 29.9386, -4.8138) (-0.0660, 0.0186, -0.0056, -0.9976) -23.90374 15.15786 95.83707
4 0 51.19753 (0.9537, 29.4859, -4.8874) (-0.2795, 0.0790, 0.3251, 0.9000) (0.4216, 29.9414, -4.8211) (-0.0464, 0.0193, -0.0066, -0.9987) -3.961937 55.43761 83.13227
5 0 51.96414 (0.9664, 29.3479, -4.8957) (-0.0365, -0.0060, 0.3887, 0.9206) (0.4245, 29.9385, -4.8180) (-0.0642, 0.0129, -0.0050, -0.9978) -3.931589 6.251824 99.72691
6 0 52.66409 (0.9205, 29.4589, -4.9042) (-0.2723, -0.0175, 0.3186, 0.9078) (0.4192, 29.9398, -4.8194) (-0.0570, 0.0235, -0.0095, -0.9980) -20.523 48.32831 85.10688
7 0 53.27548 (1.0103, 29.3782, -4.8745) (-0.0557, 0.0930, 0.3601, 0.9266) (0.4204, 29.9385, -4.8141) (-0.0649, 0.0074, -0.0077, -0.9978) 13.22851 17.02346 97.64839
8 0 53.97549 (0.9212, 29.4186, -4.9021) (-0.2055, -0.0896, 0.3461, 0.9110) (0.4201, 29.9390, -4.8157) (-0.0624, 0.0286, -0.0095, -0.9976) -30.55587 31.24021 89.94659
9 0 54.598 (1.0477, 29.4348, -4.8647) (-0.1221, 0.1544, 0.3521, 0.9150) (0.4234, 29.9392, -4.8144) (-0.0621, 0.0070, -0.0065, -0.9980) 19.65306 33.21939 92.2509
10 0 55.26435 (0.9112, 29.3972, -4.9070) (-0.1193, -0.0820, 0.3395, 0.9294) (0.4187, 29.9385, -4.8160) (-0.0649, 0.0263, -0.0089, -0.9975) -23.345 16.60882 95.80792
11 0 55.91989 (1.0047, 29.5017, -4.8639) (-0.2155, 0.1475, 0.3062, 0.9154) (0.4177, 29.9390, -4.8142) (-0.0623, 0.0107, -0.0092, -0.9980) 13.80298 48.49239 86.35951
12 0 56.56428 (0.9625, 29.3717, -4.8620) (-0.0304, -0.0131, 0.3435, 0.9386) (0.4205, 29.9374, -4.8045) (-0.0714, 0.0150, -0.0062, -0.9973) -4.554102 4.798384 99.78094
13 0 57.2089 (0.9668, 29.5088, -4.8708) (-0.2771, 0.0724, 0.3084, 0.9071) (0.4221, 29.9400, -4.8102) (-0.0579, 0.0254, -0.0075, -0.9980) -3.953718 54.74126 83.59283
14 0 57.94214 (1.0219, 29.3826, -4.8609) (-0.0450, 0.0933, 0.3770, 0.9204) (0.4238, 29.9384, -4.8091) (-0.0660, 0.0232, -0.0036, -0.9975) 13.77975 15.30676 97.85612
15 0 58.54233 (0.9222, 29.4837, -4.8883) (-0.2831, -0.0220, 0.3248, 0.9022) (0.4157, 29.9395, -4.8126) (-0.0591, 0.0417, -0.0116, -0.9973) -22.35919 49.64558 83.8772
0 0 59.20926 (1.0483, 29.4519, -4.8616) (-0.1166, 0.1734, 0.3652, 0.9072) (0.4227, 29.9391, -4.8079) (-0.0621, 0.0174, -0.0058, -0.9979) 22.94904 33.81651 91.26765
1 0 59.94248 (0.9064, 29.4566, -4.8989) (-0.2029, -0.0807, 0.3232, 0.9208) (0.4208, 29.9390, -4.8044) (-0.0642, 0.0304, -0.0040, -0.9975) -27.97572 32.14472 90.46588
2 0 60.53149 (1.0024, 29.5093, -4.8628) (-0.2213, 0.1537, 0.3221, 0.9076) (0.4191, 29.9400, -4.8097) (-0.0575, 0.0203, -0.0063, -0.9981) 13.6452 50.0626 85.48418
3 0 61.56496 (0.9297, 29.4154, -4.8941) (-0.1048, -0.0926, 0.3537, 0.9249) (0.4200, 29.9388, -4.8094) (-0.0624, 0.0207, -0.0069, -0.9978) -24.54556 12.84051 96.08661
4 0 62.32036 (0.9601, 29.4794, -4.8699) (-0.2886, 0.0685, 0.3171, 0.9008) (0.4161, 29.9393, -4.8032) (-0.0603, 0.0223, -0.0096, -0.9979) -5.952737 56.34228 82.40214
5 0 62.94253 (0.9626, 29.3664, -4.8701) (-0.0429, -0.0056, 0.3612, 0.9315) (0.4155, 29.9376, -4.7974) (-0.0705, 0.0190, -0.0098, -0.9973) -4.142696 7.590868 99.62538
6 0 63.58743 (0.9382, 29.4460, -4.8854) (-0.2797, -0.0215, 0.3093, 0.9086) (0.4152, 29.9388, -4.8010) (-0.0636, 0.0247, -0.0109, -0.9976) -21.21273 49.49052 84.26571
7 0 64.19821 (1.0185, 29.3700, -4.8707) (-0.0500, 0.0873, 0.3469, 0.9325) (0.4189, 29.9380, -4.7984) (-0.0679, 0.0120, -0.0068, -0.9976) 12.81006 15.38766 97.97511
8 0 64.89826 (0.8848, 29.4475, -4.9033) (-0.2135, -0.0956, 0.3032, 0.9238) (0.4187, 29.9399, -4.8106) (-0.0571, 0.0338, -0.0076, -0.9978) -30.60252 33.65284 89.056
9 0 65.58749 (1.0641, 29.4547, -4.8845) (-0.1238, 0.1487, 0.3228, 0.9265) (0.4388, 29.9408, -4.8179) (-0.0517, -0.0174, 0.0124, -0.9984) 19.55108 32.54131 92.51389
10 0 66.39843 (0.9117, 29.3975, -4.9416) (-0.1022, -0.0922, 0.3279, 0.9346) (0.4263, 29.9407, -4.8304) (-0.0470, 0.0273, 0.0019, -0.9985) -23.93772 13.04642 96.21214
11 0 67.15419 (1.0220, 29.5214, -4.8680) (-0.2134, 0.1482, 0.3027, 0.9170) (0.4244, 29.9413, -4.8152) (-0.0494, 0.0020, 0.0063, -0.9988) 14.25499 48.1144 86.4974
12 0 67.94306 (0.9535, 29.3556, -4.8879) (-0.0240, -0.0140, 0.3289, 0.9440) (0.4222, 29.9377, -4.8021) (-0.0687, 0.0149, 0.0019, -0.9975) -4.226799 3.598133 99.84582
13 0 68.60979 (0.9586, 29.5357, -4.8946) (-0.2839, 0.0710, 0.2890, 0.9115) (0.4220, 29.9407, -4.8158) (-0.0525, 0.0178, 0.0002, -0.9985) -3.470464 55.85987 82.87117
14 0 69.35432 (1.0232, 29.3795, -4.9091) (-0.0436, 0.0827, 0.3620, 0.9275) (0.4297, 29.9395, -4.8220) (-0.0539, 0.0114, 0.0052, -0.9985) 12.1852 14.06646 98.25302
15 0 70.02107 (0.9120, 29.4946, -4.9328) (-0.2737, -0.0296, 0.2965, 0.9145) (0.4251, 29.9414, -4.8317) (-0.0435, 0.0305, -0.0001, -0.9986) -21.64162 48.30482 84.8427
0 0 70.66537 (1.0582, 29.4456, -4.8868) (-0.1176, 0.1565, 0.3409, 0.9195) (0.4350, 29.9397, -4.8199) (-0.0544, -0.0049, 0.0075, -0.9985) 20.76013 32.29516 92.33656
1 0 71.27661 (0.8643, 29.4595, -4.9164) (-0.2154, -0.1056, 0.2955, 0.9247) (0.4224, 29.9399, -4.8210) (-0.0540, 0.0360, 0.0010, -0.9979) -32.25917 33.59822 88.49014
2 0 72.09892 (1.0071, 29.5107, -4.8710) (-0.2181, 0.1414, 0.3021, 0.9172) (0.4303, 29.9405, -4.8200) (-0.0513, 0.0067, 0.0054, -0.9986) 12.76537 48.54261 86.49081
3 0 72.76543 (0.8932, 29.3948, -4.9217) (-0.1046, -0.0892, 0.3176, 0.9382) (0.4252, 29.9393, -4.8183) (-0.0562, 0.0233, 0.0006, -0.9981) -23.37449 13.95449 96.22321
4 0 73.53227 (0.9480, 29.5217, -4.9002) (-0.2784, 0.0699, 0.2936, 0.9118) (0.4259, 29.9414, -4.8267) (-0.0427, 0.0194, -0.0001, -0.9989) -3.597362 54.87936 83.51835
5 0 74.28789 (0.9610, 29.3418, -4.9101) (-0.0270, -0.0134, 0.3612, 0.9320) (0.4288, 29.9386, -4.8217) (-0.0608, 0.0137, 0.0012, -0.9981) -4.453084 4.053763 99.81852
6 0 75.02115 (0.9152, 29.4825, -4.9171) (-0.2669, -0.0211, 0.2931, 0.9178) (0.4231, 29.9407, -4.8247) (-0.0476, 0.0251, -0.0041, -0.9985) -19.5309 47.76084 85.6589
7 0 75.64341 (1.0181, 29.3760, -4.8845) (-0.0427, 0.0884, 0.3503, 0.9315) (0.4224, 29.9387, -4.8121) (-0.0621, 0.0039, -0.0056, -0.9980) 13.47843 14.14873 98.07214
8 0 76.39894 (0.9042, 29.4411, -4.9404) (-0.2076, -0.0975, 0.3134, 0.9215) (0.4182, 29.9408, -4.8281) (-0.0462, 0.0316, -0.0119, -0.9984) -30.98106 32.15214 89.47857
9 0 77.09894 (1.0501, 29.4489, -4.9131) (-0.1148, 0.1560, 0.3393, 0.9205) (0.4245, 29.9418, -4.8327) (-0.0418, 0.0015, -0.0024, -0.9991) 20.93635 31.71473 92.49781
10 0 77.77694 (0.9168, 29.3999, -4.9562) (-0.1060, -0.0925, 0.3345, 0.9318) (0.4207, 29.9416, -4.8336) (-0.0429, 0.0173, -0.0054, -0.9989) -24.33599 13.57223 96.03934
11 0 78.5104 (1.0101, 29.5003, -4.9089) (-0.2115, 0.1508, 0.3143, 0.9131) (0.4221, 29.9420, -4.8302) (-0.0410, 0.0026, -0.0001, -0.9992) 14.25131 48.09572 86.50838
12 0 79.27721 (0.9529, 29.3548, -4.9297) (-0.0238, -0.0160, 0.3307, 0.9433) (0.4227, 29.9394, -4.8245) (-0.0557, 0.0070, 0.0006, -0.9984) -4.581785 3.427586 99.83616
13 0 79.91068 (0.9580, 29.5258, -4.9116) (-0.2726, 0.0693, 0.2948, 0.9132) (0.4199, 29.9415, -4.8314) (-0.0401, 0.0130, -0.0049, -0.9991) -3.408648 53.87554 84.17724
14 0 80.58836 (1.0263, 29.3864, -4.9042) (-0.0514, 0.0934, 0.3771, 0.9200) (0.4275, 29.9408, -4.8253) (-0.0441, -0.0234, 0.0159, -0.9986) 13.30683 16.49637 97.72819
15 0 81.32151 (0.9346, 29.4980, -4.9136) (-0.2779, -0.0093, 0.3230, 0.9046) (0.4227, 29.9418, -4.8301) (-0.0370, 0.0102, 0.0095, -0.9992) -19.64325 49.67172 84.53912
0 0 81.98843 (1.0499, 29.4608, -4.8887) (-0.1212, 0.1507, 0.3593, 0.9129) (0.4284, 29.9419, -4.8176) (-0.0369, -0.0251, 0.0154, -0.9989) 18.80986 32.97087 92.51546
1 0 82.65533 (0.8694, 29.4718, -4.9227) (-0.2064, -0.0919, 0.3039, 0.9255) (0.4052, 29.9422, -4.8232) (-0.0299, 0.0458, -0.0217, -0.9983) -29.55868 32.62246 89.78897
2 0 83.33306 (1.0097, 29.5240, -4.8874) (-0.2216, 0.1482, 0.3069, 0.9136) (0.4170, 29.9422, -4.8236) (-0.0334, -0.0022, -0.0102, -0.9994) 13.48025 49.59911 85.78001
3 0 84.05545 (0.8953, 29.3983, -4.9440) (-0.1063, -0.0888, 0.3074, 0.9414) (0.4177, 29.9401, -4.8266) (-0.0459, 0.0215, -0.0088, -0.9987) -23.25407 14.55859 96.16286
4 0 84.65543 (0.9515, 29.5298, -4.9239) (-0.2951, 0.0686, 0.3051, 0.9028) (0.4208, 29.9424, -4.8347) (-0.0308, 0.0147, -0.0059, -0.9994) -5.615951 57.47783 81.63799
5 0 85.4332 (0.9619, 29.3463, -4.9196) (-0.0343, -0.0047, 0.3686, 0.9289) (0.4210, 29.9409, -4.8245) (-0.0421, 0.0111, -0.0052, -0.9990) -3.411021 6.030402 99.7597
6 0 86.08882 (0.9235, 29.4638, -4.9285) (-0.2714, -0.0148, 0.3376, 0.9012) (0.4214, 29.9423, -4.8279) (-0.0325, 0.0219, -0.0087, -0.9992) -21.0048 47.91863 85.22091
7 0 86.62218 (1.0347, 29.3618, -4.9164) (-0.0504, 0.0914, 0.3878, 0.9158) (0.4312, 29.9401, -4.8213) (-0.0478, -0.0143, -0.0004, -0.9988) 12.83406 16.3215 97.82073
-1 0 89.63347 (0.9507, 29.3293, -4.9149) (-0.0036, -0.0259, 0.3799, 0.9246) (0.4192, 29.9358, -4.8131) (-0.0772, 0.0178, -0.0093, -0.9968) -5.059278 -1.290613 99.86359
0 0 90.88909 (1.0427, 29.4087, -4.8546) (-0.1023, 0.1836, 0.3627, 0.9079) (0.4219, 29.9370, -4.8009) (-0.0721, -0.0186, -0.0001, -0.9972) 25.92447 31.89469 91.16277
1 0 91.93367 (0.8416, 29.4298, -4.9301) (-0.2134, -0.1183, 0.3071, 0.9198) (0.4096, 29.9384, -4.8167) (-0.0623, 0.0651, -0.0143, -0.9958) -34.87165 32.0017 88.09007
2 0 93.66696 (0.9953, 29.4989, -4.8852) (-0.2316, 0.1664, 0.3030, 0.9093) (0.4255, 29.9411, -4.8238) (-0.0440, 0.0036, 0.0017, -0.9990) 16.23395 52.20183 83.73427
3 0 94.61166 (0.8701, 29.3696, -4.9458) (-0.1036, -0.1189, 0.3385, 0.9277) (0.4181, 29.9381, -4.8222) (-0.0598, 0.0427, -0.0074, -0.9973) -29.08 11.16366 95.02487
4 0 96.12273 (0.9281, 29.5032, -4.8999) (-0.3110, 0.0682, 0.2789, 0.9060) (0.4191, 29.9402, -4.8148) (-0.0487, 0.0287, -0.0031, -0.9984) -4.978233 60.1518 79.73067
5 0 97.25616 (0.9251, 29.3016, -4.8894) (-0.0092, -0.0275, 0.3930, 0.9191) (0.4136, 29.9359, -4.7965) (-0.0763, 0.0266, -0.0091, -0.9967) -5.782985 -0.4699346 99.83154
6 0 98.4894 (0.8819, 29.4517, -4.9133) (-0.3031, -0.0434, 0.2713, 0.9125) (0.4108, 29.9381, -4.8016) (-0.0634, 0.0347, -0.0119, -0.9973) -24.36765 52.96502 81.24607
7 0 99.47832 (1.0272, 29.3243, -4.8755) (-0.0112, 0.1024, 0.3840, 0.9176) (0.4269, 29.9352, -4.7927) (-0.0836, -0.0137, 0.0099, -0.9964) 17.93851 9.916923 97.87679
8 0 100.5342 (0.8993, 29.4035, -4.9416) (-0.2206, -0.1212, 0.3216, 0.9128) (0.4210, 29.9365, -4.8060) (-0.0739, 0.0180, 0.0011, -0.9971) -36.31119 32.47868 87.3306
9 0 103.2897 (0.7077, 29.4615, -4.8950) (-0.1008, 0.1939, 0.3679, 0.9038) (0.2465, 29.9466, -4.8237) (-0.0572, -0.0872, 0.0234, -0.9943) 27.6353 32.49219 90.44638
10 0 104.2787 (0.5414, 29.3951, -4.9813) (-0.0943, -0.1140, 0.3403, 0.9286) (0.2459, 29.9417, -4.8393) (-0.0809, 0.0399, 0.0061, -0.9959) -27.58946 9.752963 95.6227
11 0 105.2788 (0.6687, 29.5447, -4.9395) (-0.2316, 0.1706, 0.3060, 0.9075) (0.2587, 29.9492, -4.8483) (-0.0310, -0.0213, 0.0234, -0.9990) 16.80108 52.47581 83.45066
12 0 106.2013 (0.6049, 29.3628, -4.9702) (-0.0067, -0.0184, 0.3567, 0.9340) (0.2569, 29.9433, -4.8451) (-0.0698, -0.0080, 0.0149, -0.9974) -3.91141 -0.06778827 99.92345
13 0 106.9568 (0.6066, 29.5364, -4.9762) (-0.3045, 0.0886, 0.2935, 0.9018) (0.2553, 29.9482, -4.8514) (-0.0368, -0.0019, 0.0140, -0.9992) -1.898558 60.11309 79.89251
14 0 107.7125 (0.6863, 29.3626, -4.9636) (-0.0079, 0.1070, 0.3822, 0.9178) (0.2639, 29.9445, -4.8429) (-0.0600, -0.0315, 0.0234, -0.9974) 19.04447 9.625288 97.69678
15 0 108.5011 (0.5508, 29.5015, -5.0058) (-0.2989, -0.0373, 0.2802, 0.9114) (0.2509, 29.9479, -4.8588) (-0.0391, 0.0277, 0.0090, -0.9988) -23.55649 52.40305 81.84749
0 0 109.3791 (0.7229, 29.4519, -4.9702) (-0.1028, 0.1961, 0.3452, 0.9121) (0.2680, 29.9467, -4.8584) (-0.0475, -0.0239, 0.0252, -0.9983) 28.67393 32.28867 90.19561
1 0 110.2681 (0.5167, 29.4597, -5.0371) (-0.2104, -0.1148, 0.2926, 0.9257) (0.2533, 29.9467, -4.8656) (-0.0457, 0.0355, 0.0062, -0.9983) -33.55873 32.2446 88.51044
2 0 111.5233 (0.6704, 29.5381, -4.9560) (-0.2299, 0.1752, 0.3067, 0.9069) (0.2617, 29.9479, -4.8553) (-0.0421, -0.0091, 0.0173, -0.9989) 17.68193 52.4398 83.29115
3 0 112.2904 (0.5378, 29.3931, -5.0070) (-0.0932, -0.1126, 0.3365, 0.9303) (0.2548, 29.9444, -4.8494) (-0.0625, 0.0240, 0.0080, -0.9977) -27.21234 9.75561 95.73044
4 0 113.0905 (0.6007, 29.5322, -4.9737) (-0.3011, 0.0853, 0.3007, 0.9009) (0.2549, 29.9467, -4.8497) (-0.0489, 0.0139, 0.0098, -0.9987) -2.745637 59.38199 80.41294
5 0 113.8905 (0.6150, 29.3166, -4.9836) (-0.0017, -0.0174, 0.3923, 0.9197) (0.2592, 29.9434, -4.8450) (-0.0701, 0.0089, 0.0126, -0.9974) -3.331528 -1.053106 99.93894
6 0 114.6906 (0.5648, 29.4928, -5.0166) (-0.2957, -0.0307, 0.2776, 0.9135) (0.2573, 29.9468, -4.8579) (-0.0484, 0.0195, 0.0110, -0.9986) -22.0365 52.32524 82.31927
7 0 116.0017 (0.6955, 29.3626, -4.9644) (-0.0027, 0.1117, 0.3719, 0.9215) (0.2617, 29.9451, -4.8534) (-0.0589, 0.0000, 0.0153, -0.9981) 20.38257 8.79924 97.50449
8 0 116.8354 (0.5358, 29.4516, -5.0241) (-0.2098, -0.1174, 0.2952, 0.9247) (0.2545, 29.9463, -4.8610) (-0.0517, 0.0363, 0.0070, -0.9980) -34.08867 31.86386 88.44579
9 0 118.0467 (0.7319, 29.4668, -4.9635) (-0.1102, 0.1928, 0.3339, 0.9161) (0.2661, 29.9467, -4.8579) (-0.0487, -0.0229, 0.0162, -0.9984) 27.97038 33.07183 90.13275
10 0 119.5242 (0.5535, 29.4072, -5.0100) (-0.0910, -0.1131, 0.3236, 0.9350) (0.2528, 29.9447, -4.8531) (-0.0612, 0.0144, 0.0041, -0.9980) -27.04151 9.688263 95.78567
11 0 120.7911 (0.6757, 29.5339, -4.9633) (-0.2307, 0.1753, 0.2986, 0.9093) (0.2600, 29.9468, -4.8557) (-0.0487, -0.0178, 0.0136, -0.9986) 18.1053 52.42183 83.21148
12 0 121.6798 (0.6136, 29.3457, -5.0013) (-0.0056, -0.0159, 0.3691, 0.9293) (0.2585, 29.9442, -4.8567) (-0.0624, -0.0052, 0.0087, -0.9980) -3.364128 -0.1401272 99.9433
13 0 122.5578 (0.6153, 29.5421, -4.9979) (-0.3103, 0.0778, 0.2706, 0.9080) (0.2586, 29.9481, -4.8554) (-0.0387, -0.0058, 0.0128, -0.9992) -2.668936 60.55412 79.53663
14 0 123.3912 (0.6817, 29.3695, -4.9756) (-0.0116, 0.1076, 0.3601, 0.9266) (0.2622, 29.9451, -4.8502) (-0.0566, -0.0212, 0.0172, -0.9980) 19.10095 9.894757 97.65883
15 0 124.18 (0.5644, 29.5226, -5.0396) (-0.2994, -0.0461, 0.2411, 0.9220) (0.2539, 29.9476, -4.8630) (-0.0408, 0.0248, 0.0081, -0.9988) -22.9291 52.98146 81.65305
0 0 124.9468 (0.7239, 29.4769, -4.9799) (-0.1119, 0.1889, 0.3196, 0.9218) (0.2704, 29.9463, -4.8574) (-0.0505, -0.0339, 0.0255, -0.9978) 27.66548 32.69434 90.36427
1 0 126.4025 (0.5325, 29.4881, -5.0383) (-0.2079, -0.1277, 0.2448, 0.9384) (0.2551, 29.9460, -4.8585) (-0.0503, 0.0187, 0.0093, -0.9985) -34.14273 32.76369 88.09549
2 0 127.3583 (0.6735, 29.5478, -4.9812) (-0.2378, 0.1667, 0.2758, 0.9163) (0.2636, 29.9477, -4.8586) (-0.0389, -0.0193, 0.0171, -0.9989) 17.44144 52.76796 83.13446
3 0 128.2138 (0.5412, 29.4145, -5.0363) (-0.0830, -0.1135, 0.2973, 0.9444) (0.2535, 29.9461, -4.8623) (-0.0482, 0.0180, 0.0026, -0.9987) -26.37418 8.923629 96.04568
4 0 128.9694 (0.6073, 29.5462, -5.0091) (-0.3070, 0.0731, 0.2609, 0.9123) (0.2585, 29.9473, -4.8614) (-0.0430, 0.0072, 0.0089, -0.9990) -2.682917 59.83684 80.07718
5 0 129.7694 (0.6111, 29.3284, -5.0018) (0.0023, -0.0208, 0.3569, 0.9339) (0.2595, 29.9443, -4.8529) (-0.0619, 0.0056, 0.0082, -0.9980) -3.725669 -1.913381 99.91225
6 0 130.6139 (0.5560, 29.4810, -5.0238) (-0.2931, -0.0458, 0.2486, 0.9221) (0.2547, 29.9459, -4.8556) (-0.0520, 0.0200, 0.0042, -0.9984) -23.02473 51.77058 82.39945
7 0 131.3138 (0.6875, 29.3609, -4.9716) (-0.0124, 0.1123, 0.3310, 0.9368) (0.2636, 29.9444, -4.8468) (-0.0634, -0.0201, 0.0158, -0.9977) 20.21325 9.758395 97.44844
8 0 132.1694 (0.5354, 29.4475, -5.0187) (-0.2059, -0.1230, 0.2701, 0.9325) (0.2522, 29.9453, -4.8501) (-0.0583, 0.0241, 0.0059, -0.9980) -34.05251 31.74841 88.50122
9 0 132.925 (0.7217, 29.4630, -4.9699) (-0.1121, 0.1859, 0.3046, 0.9274) (0.2672, 29.9465, -4.8502) (-0.0439, -0.0612, 0.0217, -0.9969) 27.64826 32.126 90.57314
10 0 133.7141 (0.5399, 29.4030, -5.0363) (-0.0871, -0.1205, 0.2801, 0.9484) (0.2552, 29.9452, -4.8606) (-0.0518, 0.0022, 0.0105, -0.9986) -27.74291 9.765286 95.57703
11 0 134.4364 (0.6705, 29.5465, -4.9909) (-0.2379, 0.1669, 0.2655, 0.9192) (0.2607, 29.9476, -4.8653) (-0.0370, -0.0292, 0.0161, -0.9988) 18.05368 52.60879 83.10463
12 0 135.2029 (0.6020, 29.3571, -5.0193) (0.0014, -0.0168, 0.3216, 0.9467) (0.2600, 29.9441, -4.8594) (-0.0577, -0.0175, 0.0140, -0.9981) -3.088627 -1.348596 99.94319
13 0 136.3028 (0.6084, 29.5558, -5.0239) (-0.3067, 0.0693, 0.2481, 0.9163) (0.2578, 29.9477, -4.8651) (-0.0338, -0.0112, 0.0095, -0.9993) -2.528794 59.64045 80.22856
14 0 137.1366 (0.6811, 29.3865, -4.9733) (-0.0180, 0.1141, 0.3400, 0.9333) (0.2614, 29.9445, -4.8534) (-0.0541, -0.0217, 0.0155, -0.9982) 20.07431 11.11869 97.33138
15 0 138.3924 (0.5610, 29.5011, -5.0012) (-0.3001, -0.0456, 0.2458, 0.9206) (0.2520, 29.9456, -4.8505) (-0.0493, 0.0126, 0.0080, -0.9987) -23.14069 53.0111 81.57408
0 0 139.1924 (0.7222, 29.4485, -4.9396) (-0.1168, 0.1897, 0.3156, 0.9224) (0.2678, 29.9447, -4.8416) (-0.0558, -0.0332, 0.0247, -0.9976) 27.62319 33.51361 90.07662
1 0 140.2481 (0.5171, 29.4559, -4.9925) (-0.2115, -0.1243, 0.2651, 0.9325) (0.2459, 29.9447, -4.8394) (-0.0553, 0.0284, 0.0030, -0.9981) -34.39499 32.8465 87.96643
2 0 141.1482 (0.6614, 29.5319, -4.9340) (-0.2413, 0.1665, 0.2861, 0.9122) (0.2592, 29.9469, -4.8415) (-0.0425, -0.0163, 0.0197, -0.9988) 16.57557 53.55789 82.80582
3 0 142.0815 (0.5371, 29.3939, -5.0130) (-0.0863, -0.1132, 0.3141, 0.9386) (0.2559, 29.9448, -4.8510) (-0.0555, 0.0153, 0.0127, -0.9983) -26.66777 9.086264 95.94931
4 1 142.8704 (0.6027, 29.5331, -4.9904) (-0.3080, 0.0782, 0.2717, 0.9084) (0.2585, 29.9467, -4.8582) (-0.0445, 0.0078, 0.0150, -0.9989) -2.63528 60.09787 79.80251
5 1 143.7038 (0.6150, 29.3287, -4.9906) (-0.0055, -0.0179, 0.3525, 0.9356) (0.2617, 29.9448, -4.8522) (-0.0553, 0.0033, 0.0170, -0.9983) -2.979005 -0.312344 99.93002
6 1 144.5482 (0.5531, 29.4945, -5.0266) (-0.2947, -0.0456, 0.2496, 0.9213) (0.2574, 29.9480, -4.8676) (-0.0343, 0.0196, 0.0124, -0.9991) -23.17298 52.8265 82.21928
7 1 145.3594 (0.6945, 29.3656, -4.9820) (-0.0176, 0.1082, 0.3136, 0.9432) (0.2703, 29.9447, -4.8608) (-0.0565, -0.0228, 0.0236, -0.9979) 19.85987 10.42101 97.59701
8 1 146.6487 (0.5473, 29.4508, -5.0467) (-0.2158, -0.1216, 0.2686, 0.9309) (0.2600, 29.9472, -4.8708) (-0.0370, 0.0070, 0.0100, -0.9992) -33.61929 33.34701 87.72704
9 1 147.371 (0.7288, 29.4634, -4.9936) (-0.1179, 0.1821, 0.3041, 0.9276) (0.2721, 29.9485, -4.8736) (-0.0246, -0.0468, 0.0190, -0.9984) 27.03695 33.26011 90.58399
10 1 148.3153 (0.5392, 29.3928, -5.0484) (-0.0848, -0.1226, 0.2974, 0.9430) (0.2527, 29.9441, -4.8704) (-0.0549, 0.0288, -0.0014, -0.9981) -27.70181 8.700036 95.55555
11 1 149.2264 (0.6900, 29.5501, -4.9855) (-0.2386, 0.1780, 0.2865, 0.9107) (0.2674, 29.9514, -4.8723) (-0.0079, -0.0510, 0.0229, -0.9984) 18.69786 53.06435 82.27988
12 1 150.1153 (0.6117, 29.3453, -4.9993) (0.0033, -0.0201, 0.3418, 0.9396) (0.2619, 29.9432, -4.8541) (-0.0626, -0.0170, 0.0142, -0.9978) -3.448397 -0.8503563 99.91667
13 1 150.8931 (0.6100, 29.5514, -5.0082) (-0.3113, 0.0755, 0.2682, 0.9085) (0.2603, 29.9488, -4.8661) (-0.0276, -0.0090, 0.0126, -0.9995) -2.427948 60.16251 79.477
14 1 151.6264 (0.6960, 29.3621, -4.9813) (-0.0057, 0.1082, 0.3647, 0.9248) (0.2704, 29.9447, -4.8622) (-0.0530, -0.0379, 0.0228, -0.9976) 19.73616 9.061204 97.65043
15 1 152.4264 (0.5332, 29.5325, -5.0137) (-0.2956, -0.0452, 0.2520, 0.9204) (0.2554, 29.9486, -4.8764) (-0.0268, 0.0242, 0.0103, -0.9993) -22.50978 52.28228 82.11029
0 1 153.2817 (0.7191, 29.4667, -4.9488) (-0.1109, 0.1853, 0.3137, 0.9247) (0.2762, 29.9463, -4.8595) (-0.0429, -0.0618, 0.0319, -0.9967) 28.31339 31.53708 90.67759
1 1 154.0819 (0.5068, 29.4696, -5.0077) (-0.2139, -0.1192, 0.2805, 0.9281) (0.2547, 29.9459, -4.8635) (-0.0448, 0.0330, 0.0121, -0.9984) -34.06519 32.76763 88.01165
2 1 154.8932 (0.6716, 29.5534, -4.9571) (-0.2329, 0.1713, 0.2999, 0.9091) (0.2668, 29.9501, -4.8705) (-0.0168, -0.0446, 0.0211, -0.9986) 17.40366 52.83382 83.28408
3 1 155.7265 (0.5313, 29.3934, -5.0125) (-0.0844, -0.1122, 0.3272, 0.9345) (0.2533, 29.9431, -4.8650) (-0.0633, 0.0328, 0.0047, -0.9974) -25.92761 8.630568 96.05679
4 1 156.9599 (0.6019, 29.5534, -4.9933) (-0.3096, 0.0749, 0.2787, 0.9060) (0.2625, 29.9486, -4.8704) (-0.0289, -0.0017, 0.0156, -0.9995) -2.65257 59.80586 79.70755
5 1 157.7824 (0.6082, 29.3300, -4.9929) (0.0048, -0.0197, 0.3625, 0.9318) (0.2634, 29.9443, -4.8626) (-0.0546, -0.0030, 0.0146, -0.9984) -3.350554 -1.49506 99.91813
6 1 158.6268 (0.5562, 29.5081, -5.0252) (-0.2973, -0.0361, 0.2702, 0.9151) (0.2588, 29.9479, -4.8749) (-0.0305, 0.0154, 0.0089, -0.9994) -22.39084 52.04159 82.06445
7 1 159.3936 (0.6997, 29.3792, -4.9833) (-0.0088, 0.1104, 0.3454, 0.9319) (0.2723, 29.9461, -4.8715) (-0.0421, -0.0214, 0.0249, -0.9986) 20.11655 9.978183 97.54826
8 1 160.3381 (0.5208, 29.4712, -5.0419) (-0.2110, -0.1163, 0.2956, 0.9244) (0.2536, 29.9473, -4.8808) (-0.0330, 0.0471, 0.0084, -0.9983) -33.89973 32.6705 88.38914
9 1 161.1156 (0.7450, 29.4748, -4.9624) (-0.1113, 0.1928, 0.3238, 0.9196) (0.2745, 29.9467, -4.8650) (-0.0380, -0.0415, 0.0306, -0.9979) 28.82234 32.21883 90.09115
10 1 162.0824 (0.5447, 29.4125, -5.0181) (-0.0845, -0.1118, 0.3403, 0.9298) (0.2542, 29.9462, -4.8700) (-0.0412, 0.0215, 0.0114, -0.9989) -26.81635 8.870981 96.07428
11 1 163.3046 (0.6857, 29.5470, -4.9660) (-0.2300, 0.1666, 0.3032, 0.9096) (0.2644, 29.9480, -4.8696) (-0.0323, -0.0226, 0.0224, -0.9990) 17.31224 51.9792 83.86995
12 1 164.2272 (0.6169, 29.3386, -4.9797) (-0.0069, -0.0170, 0.3655, 0.9306) (0.2615, 29.9437, -4.8532) (-0.0605, -0.0086, 0.0174, -0.9980) -3.573926 -0.109392 99.93296
13 1 165.1272 (0.6054, 29.5737, -4.9864) (-0.3075, 0.0860, 0.2783, 0.9059) (0.2562, 29.9496, -4.8683) (-0.0220, -0.0001, 0.0104, -0.9997) -1.436401 60.02169 79.61439
14 1 165.9603 (0.6856, 29.4010, -4.9730) (-0.0116, 0.1110, 0.3585, 0.9268) (0.2643, 29.9474, -4.8713) (-0.0339, -0.0112, 0.0164, -0.9992) 20.07864 10.43151 97.508
15 1 167.4051 (0.5808, 29.5272, -5.0351) (-0.2941, -0.0441, 0.2763, 0.9139) (0.2628, 29.9494, -4.8856) (-0.0212, 0.0017, 0.0142, -0.9997) -23.66959 51.54521 82.30685
0 1 168.2383 (0.7389, 29.4718, -4.9879) (-0.1065, 0.1922, 0.3291, 0.9184) (0.2749, 29.9486, -4.8803) (-0.0257, -0.0418, 0.0280, -0.9984) 28.20082 32.01615 90.34565
1 1 168.994 (0.5106, 29.4709, -5.0321) (-0.2148, -0.1234, 0.2779, 0.9281) (0.2548, 29.9481, -4.8753) (-0.0335, 0.0428, 0.0083, -0.9985) -34.74586 32.72565 87.7252
2 1 169.7942 (0.6633, 29.5533, -4.9473) (-0.2319, 0.1763, 0.2980, 0.9090) (0.2582, 29.9487, -4.8619) (-0.0279, -0.0127, 0.0153, -0.9994) 18.01636 53.08583 83.03244
3 1 170.583 (0.5182, 29.3875, -4.9931) (-0.0889, -0.1136, 0.3359, 0.9308) (0.2471, 29.9464, -4.8516) (-0.0430, 0.0224, 0.0052, -0.9988) -26.5232 8.972653 95.83852
4 1 171.7385 (0.5895, 29.5427, -4.9548) (-0.3012, 0.0842, 0.3057, 0.8993) (0.2498, 29.9479, -4.8491) (-0.0370, 0.0170, 0.0080, -0.9991) -2.973583 59.77933 80.44202
5 1 172.5054 (0.6023, 29.3216, -4.9730) (0.0059, -0.0185, 0.3904, 0.9204) (0.2549, 29.9459, -4.8516) (-0.0487, 0.0109, 0.0108, -0.9987) -3.212419 -1.804013 99.92487
6 1 173.3167 (0.5469, 29.4986, -4.9905) (-0.2992, -0.0395, 0.2669, 0.9153) (0.2500, 29.9472, -4.8515) (-0.0415, 0.0188, 0.0069, -0.9989) -22.8088 52.7554 81.78785
7 1 174.128 (0.6863, 29.3750, -4.9495) (-0.0161, 0.1079, 0.3497, 0.9305) (0.2587, 29.9457, -4.8498) (-0.0520, -0.0051, 0.0124, -0.9986) 19.66206 10.30048 97.62122
8 1 175.0282 (0.5157, 29.4681, -5.0157) (-0.2139, -0.1173, 0.2935, 0.9243) (0.2491, 29.9477, -4.8687) (-0.0368, 0.0423, 0.0012, -0.9984) -33.84304 32.31633 88.09755
9 1 175.7281 (0.7224, 29.4897, -4.9555) (-0.1131, 0.1881, 0.3255, 0.9197) (0.2627, 29.9478, -4.8655) (-0.0373, -0.0250, 0.0189, -0.9988) 27.32292 33.03485 90.36716
10 1 176.5948 (0.5507, 29.4242, -5.0066) (-0.0945, -0.1091, 0.3303, 0.9328) (0.2515, 29.9470, -4.8673) (-0.0405, 0.0266, 0.0046, -0.9988) -26.31217 10.21866 95.83397
11 1 177.317 (0.6785, 29.5599, -4.9611) (-0.2332, 0.1750, 0.3011, 0.9079) (0.2578, 29.9496, -4.8705) (-0.0240, -0.0173, 0.0169, -0.9994) 18.35992 52.39423 83.0028
12 1 178.3949 (0.6181, 29.3524, -4.9864) (-0.0046, -0.0221, 0.3701, 0.9287) (0.2573, 29.9462, -4.8666) (-0.0451, -0.0009, 0.0100, -0.9989) -3.958119 -0.7591642 99.89836
13 1 179.4616 (0.6243, 29.5470, -4.9978) (-0.3003, 0.0901, 0.3162, 0.8954) (0.2572, 29.9499, -4.8777) (-0.0184, 0.0014, 0.0092, -0.9998) -2.066124 60.16241 80.34485
14 1 181.3395 (0.6954, 29.3880, -4.9424) (-0.0060, 0.1179, 0.3528, 0.9282) (0.2688, 29.9465, -4.8621) (-0.0429, -0.0166, 0.0273, -0.9986) 21.19166 9.717284 97.21135
15 1 182.4616 (0.5620, 29.5369, -4.9891) (-0.3021, -0.0445, 0.2613, 0.9157) (0.2585, 29.9483, -4.8636) (-0.0307, 0.0238, 0.0155, -0.9991) -23.18506 52.35947 81.35075
0 1 183.3062 (0.7199, 29.4835, -4.9370) (-0.1133, 0.1872, 0.3221, 0.9211) (0.2720, 29.9471, -4.8605) (-0.0369, -0.0342, 0.0302, -0.9983) 27.7862 32.35299 90.42448
1 1 184.2952 (0.5174, 29.4700, -4.9977) (-0.2115, -0.1149, 0.3115, 0.9192) (0.2528, 29.9472, -4.8650) (-0.0374, 0.0381, 0.0108, -0.9985) -33.4137 31.95915 88.4101
2 1 185.1397 (0.6781, 29.5555, -4.9382) (-0.2329, 0.1816, 0.3158, 0.9017) (0.2632, 29.9486, -4.8635) (-0.0294, -0.0067, 0.0242, -0.9993) 18.1877 52.95147 82.55349
3 1 185.9732 (0.5423, 29.3963, -4.9879) (-0.0946, -0.1074, 0.3433, 0.9283) (0.2609, 29.9463, -4.8595) (-0.0455, 0.0096, 0.0217, -0.9987) -25.66189 10.08492 95.90221
4 1 186.8288 (0.5999, 29.5454, -4.9746) (-0.3003, 0.0822, 0.2911, 0.9046) (0.2609, 29.9489, -4.8683) (-0.0256, 0.0065, 0.0197, -0.9995) -2.09833 59.43535 80.61164
5 1 187.6177 (0.6063, 29.3470, -4.9700) (-0.0036, -0.0198, 0.3796, 0.9249) (0.2624, 29.9466, -4.8653) (-0.0431, 0.0018, 0.0194, -0.9989) -4.130166 -0.5860901 99.91915
6 1 188.562 (0.5511, 29.4972, -5.0032) (-0.2959, -0.0396, 0.2731, 0.9145) (0.2583, 29.9486, -4.8709) (-0.0309, 0.0172, 0.0150, -0.9993) -23.08556 51.77594 82.17397
7 1 189.34 (0.6863, 29.3745, -4.9633) (-0.0093, 0.1098, 0.3580, 0.9272) (0.2683, 29.9465, -4.8677) (-0.0438, -0.0150, 0.0242, -0.9986) 19.39869 9.685759 97.57198
-1 1 190.9513 (0.5704, 29.5191, -4.9809) (-0.2473, 0.0537, 0.2239, 0.9412) (0.2536, 29.9480, -4.8736) (-0.0317, 0.0079, 0.0124, -0.9994) -1.747102 48.66432 87.19659
0 1 191.4736 (0.6087, 29.4839, -4.9562) (-0.1348, 0.1019, 0.2545, 0.9522) (0.2552, 29.9481, -4.8741) (-0.0308, 0.0083, 0.0132, -0.9994) 12.55198 30.85777 94.28812
1 1 191.9401 (0.5236, 29.4870, -4.9963) (-0.1916, -0.0704, 0.2568, 0.9446) (0.2539, 29.9481, -4.8738) (-0.0306, 0.0162, 0.0127, -0.9993) -23.13626 32.59386 91.6643
2 1 192.4179 (0.5812, 29.5305, -4.9496) (-0.2176, 0.0941, 0.2571, 0.9368) (0.2498, 29.9482, -4.8676) (-0.0299, 0.0129, 0.0109, -0.9994) 6.440216 45.61047 88.75929
3 1 192.8623 (0.5318, 29.4336, -4.9737) (-0.1017, -0.0544, 0.2657, 0.9571) (0.2507, 29.9471, -4.8567) (-0.0349, 0.0156, 0.0094, -0.9992) -15.81229 16.58055 97.3399
4 1 193.2958 (0.5590, 29.5261, -4.9447) (-0.2571, 0.0485, 0.2482, 0.9327) (0.2487, 29.9470, -4.8525) (-0.0387, 0.0158, 0.0099, -0.9991) -3.719037 50.37233 86.30641
5 1 193.7735 (0.5677, 29.4192, -4.9505) (-0.0671, 0.0000, 0.2898, 0.9547) (0.2490, 29.9469, -4.8517) (-0.0381, 0.0174, 0.0082, -0.9991) -3.89908 12.81891 99.0983
6 1 194.3181 (0.5506, 29.4916, -4.9600) (-0.2467, -0.0228, 0.2420, 0.9381) (0.2486, 29.9476, -4.8580) (-0.0338, 0.0237, 0.0079, -0.9991) -16.15619 45.26233 87.72136
7 1 194.7295 (0.6134, 29.4127, -4.9435) (-0.0702, 0.0559, 0.2912, 0.9524) (0.2538, 29.9469, -4.8536) (-0.0387, 0.0075, 0.0105, -0.9992) 6.561973 16.62927 98.38923
8 1 195.1737 (0.5407, 29.4512, -4.9691) (-0.1855, -0.0587, 0.2726, 0.9423) (0.2528, 29.9471, -4.8576) (-0.0379, 0.0185, 0.0104, -0.9991) -21.16582 31.76179 92.42941
9 1 195.6069 (0.6117, 29.4565, -4.9385) (-0.1327, 0.1004, 0.2882, 0.9430) (0.2532, 29.9471, -4.8583) (-0.0372, 0.0099, 0.0106, -0.9992) 11.28455 30.80832 94.46432
10 1 196.1069 (0.5649, 29.4492, -4.9616) (-0.1046, -0.0536, 0.3054, 0.9450) (0.2548, 29.9474, -4.8599) (-0.0368, 0.0159, 0.0113, -0.9991) -16.51419 16.48994 97.23869
11 1 196.4961 (0.6083, 29.5084, -4.9440) (-0.2074, 0.1044, 0.2679, 0.9351) (0.2547, 29.9476, -4.8623) (-0.0377, 0.0117, 0.0124, -0.9991) 8.412047 44.37254 89.22061
12 1 197.0071 (0.5762, 29.4454, -4.9613) (-0.0680, 0.0077, 0.3066, 0.9494) (0.2522, 29.9476, -4.8640) (-0.0362, 0.0215, 0.0096, -0.9991) -2.704064 13.38231 99.06363
13 1 197.407 (0.5779, 29.5086, -4.9568) (-0.2319, 0.0506, 0.2808, 0.9299) (0.2535, 29.9472, -4.8654) (-0.0381, 0.0136, 0.0098, -0.9991) -3.61374 45.97607 88.73119
14 1 197.8517 (0.5959, 29.4416, -4.9468) (-0.0723, 0.0696, 0.3143, 0.9440) (0.2506, 29.9475, -4.8631) (-0.0355, 0.0247, 0.0075, -0.9990) 8.602059 18.02278 97.98563
15 1 198.2962 (0.5417, 29.4987, -4.9614) (-0.2285, -0.0074, 0.2785, 0.9328) (0.2501, 29.9481, -4.8638) (-0.0354, 0.0238, 0.0085, -0.9991) -14.09394 42.22223 89.54844
0 1 198.774 (0.6043, 29.4661, -4.9393) (-0.1224, 0.1146, 0.2827, 0.9445) (0.2522, 29.9474, -4.8630) (-0.0374, 0.0183, 0.0090, -0.9991) 14.7182 29.59968 94.37814
1 1 199.2297 (0.5245, 29.4719, -4.9815) (-0.1763, -0.0591, 0.2736, 0.9437) (0.2524, 29.9478, -4.8673) (-0.0360, 0.0269, 0.0104, -0.9989) -20.7974 30.04051 93.08609
2 1 199.7073 (0.5895, 29.5127, -4.9592) (-0.2127, 0.0979, 0.2669, 0.9348) (0.2535, 29.9482, -4.8741) (-0.0316, 0.0183, 0.0089, -0.9993) 6.951056 44.99667 89.0339
3 1 200.1962 (0.5474, 29.4366, -5.0092) (-0.1230, -0.0478, 0.3088, 0.9419) (0.2564, 29.9483, -4.8790) (-0.0293, 0.0201, 0.0093, -0.9993) -16.59736 20.21919 96.51794
4 1 200.6186 (0.5763, 29.5214, -4.9879) (-0.2461, 0.0594, 0.2768, 0.9270) (0.2534, 29.9478, -4.8832) (-0.0318, 0.0132, 0.0076, -0.9994) -2.618119 48.91834 87.17879
5 1 201.1072 (0.5889, 29.4144, -4.9883) (-0.0764, 0.0202, 0.3098, 0.9475) (0.2548, 29.9473, -4.8738) (-0.0348, 0.0134, 0.0082, -0.9993) -0.9115145 15.74974 98.75018
6 1 201.5851 (0.5567, 29.4765, -4.9784) (-0.2388, -0.0218, 0.2525, 0.9374) (0.2538, 29.9472, -4.8677) (-0.0359, 0.0134, 0.0096, -0.9992) -16.15584 43.6715 88.4974
7 1 202.0405 (0.6228, 29.4130, -4.9509) (-0.0691, 0.0752, 0.2858, 0.9528) (0.2557, 29.9469, -4.8586) (-0.0378, 0.0092, 0.0084, -0.9992) 10.43868 17.47123 97.91409
8 1 202.4517 (0.5561, 29.4513, -4.9684) (-0.1830, -0.0530, 0.2701, 0.9438) (0.2544, 29.9466, -4.8562) (-0.0401, 0.0145, 0.0093, -0.9990) -19.88373 31.67578 92.7431
9 1 203.2741 (0.6192, 29.4543, -4.9364) (-0.1264, 0.1240, 0.2979, 0.9380) (0.2531, 29.9468, -4.8570) (-0.0382, 0.0183, 0.0089, -0.9991) 15.75101 31.11864 93.73305
10 1 203.7075 (0.5553, 29.4322, -4.9735) (-0.1138, -0.0344, 0.3205, 0.9398) (0.2525, 29.9473, -4.8608) (-0.0354, 0.0207, 0.0075, -0.9991) -13.76075 19.19126 97.17169
11 1 204.1407 (0.6138, 29.5113, -4.9324) (-0.1917, 0.1170, 0.3054, 0.9254) (0.2512, 29.9480, -4.8662) (-0.0328, 0.0155, 0.0059, -0.9993) 9.942666 42.61763 89.91701
12 1 204.6185 (0.5806, 29.4094, -4.9652) (-0.0538, 0.0044, 0.3372, 0.9399) (0.2502, 29.9475, -4.8661) (-0.0333, 0.0246, 0.0031, -0.9991) -2.794711 10.40843 99.41757
13 1 205.1077 (0.5804, 29.5509, -4.9475) (-0.2415, 0.0705, 0.2774, 0.9272) (0.2501, 29.9488, -4.8748) (-0.0282, 0.0207, 0.0033, -0.9994) -0.3017148 48.68287 87.33833
14 1 205.6189 (0.6017, 29.4430, -4.9546) (-0.0572, 0.0716, 0.3151, 0.9446) (0.2494, 29.9477, -4.8760) (-0.0329, 0.0288, 0.0038, -0.9990) 9.921019 15.3208 98.32012
15 1 206.1301 (0.5108, 29.5593, -4.9639) (-0.2506, -0.0075, 0.2642, 0.9313) (0.2473, 29.9487, -4.8841) (-0.0244, 0.0279, 0.0044, -0.9993) -14.64606 46.27385 87.43124
0 1 206.5633 (0.5980, 29.5101, -4.9421) (-0.1391, 0.1147, 0.2760, 0.9441) (0.2508, 29.9476, -4.8786) (-0.0332, 0.0163, 0.0064, -0.9993) 13.97769 32.5958 93.4994
1 1 207.0412 (0.4973, 29.5045, -4.9725) (-0.1872, -0.0483, 0.2884, 0.9378) (0.2483, 29.9479, -4.8791) (-0.0305, 0.0284, 0.0055, -0.9991) -19.85889 32.32743 92.52329
2 1 207.53 (0.5818, 29.5339, -4.9351) (-0.2112, 0.1041, 0.2717, 0.9331) (0.2503, 29.9475, -4.8743) (-0.0351, 0.0127, 0.0047, -0.9993) 7.955199 45.07203 88.91135
3 1 207.9746 (0.5159, 29.4444, -4.9659) (-0.1129, -0.0500, 0.3131, 0.9417) (0.2471, 29.9472, -4.8694) (-0.0366, 0.0228, 0.0031, -0.9991) -16.49491 18.13048 96.94949
4 1 208.4527 (0.5501, 29.5486, -4.9422) (-0.2585, 0.0648, 0.2871, 0.9201) (0.2468, 29.9469, -4.8704) (-0.0377, 0.0183, 0.0010, -0.9991) -2.929965 51.29247 85.79337
5 1 208.8856 (0.5632, 29.4195, -4.9529) (-0.0752, 0.0068, 0.3272, 0.9419) (0.2490, 29.9462, -4.8639) (-0.0407, 0.0224, 0.0012, -0.9989) -3.640139 14.60972 98.86003
6 1 209.3524 (0.5406, 29.5134, -4.9616) (-0.2657, -0.0095, 0.2547, 0.9298) (0.2511, 29.9466, -4.8645) (-0.0412, 0.0128, 0.0041, -0.9991) -15.30175 48.92428 85.86193
7 1 209.8192 (0.6134, 29.4366, -4.9469) (-0.0717, 0.0674, 0.2985, 0.9493) (0.2524, 29.9465, -4.8652) (-0.0397, 0.0078, 0.0027, -0.9992) 8.51007 17.6291 98.06525
8 1 210.2525 (0.5522, 29.4849, -4.9745) (-0.1869, -0.0574, 0.2836, 0.9388) (0.2543, 29.9472, -4.8726) (-0.0385, 0.0160, 0.0052, -0.9991) -21.37077 31.83032 92.35865
9 1 210.6859 (0.6303, 29.4841, -4.9458) (-0.1270, 0.1055, 0.3011, 0.9392) (0.2542, 29.9481, -4.8764) (-0.0313, 0.0151, 0.0034, -0.9994) 12.2416 30.21615 94.54924
10 1 211.1303 (0.5544, 29.4735, -4.9736) (-0.1255, -0.0541, 0.3198, 0.9376) (0.2515, 29.9475, -4.8759) (-0.0339, 0.0181, 0.0018, -0.9993) -18.17615 20.07222 96.26387
11 1 211.5524 (0.6093, 29.5353, -4.9329) (-0.1865, 0.1033, 0.2998, 0.9299) (0.2512, 29.9474, -4.8731) (-0.0357, 0.0103, 0.0030, -0.9993) 8.032388 40.87518 90.91048
12 1 212.0189 (0.5816, 29.4462, -4.9423) (-0.0669, 0.0085, 0.3221, 0.9443) (0.2505, 29.9469, -4.8656) (-0.0390, 0.0174, 0.0013, -0.9991) -2.706596 13.17598 99.09121
13 1 212.4412 (0.5780, 29.5511, -4.9310) (-0.2448, 0.0648, 0.2809, 0.9257) (0.2513, 29.9471, -4.8663) (-0.0392, 0.0114, 0.0045, -0.9992) -1.757766 48.96759 87.17238
14 1 212.9191 (0.6063, 29.4582, -4.9212) (-0.0652, 0.0665, 0.3109, 0.9459) (0.2499, 29.9466, -4.8627) (-0.0412, 0.0133, 0.0031, -0.9991) 8.533976 16.46359 98.26556
15 1 213.3413 (0.5337, 29.5459, -4.9426) (-0.2500, -0.0040, 0.2815, 0.9264) (0.2494, 29.9477, -4.8707) (-0.0356, 0.0180, 0.0048, -0.9992) -14.80989 46.08834 87.50162
0 1 213.7527 (0.6156, 29.4962, -4.9272) (-0.1291, 0.1069, 0.2908, 0.9420) (0.2535, 29.9473, -4.8700) (-0.0376, 0.0161, 0.0059, -0.9991) 12.63554 30.5464 94.37829
1 1 214.2305 (0.5146, 29.4987, -4.9624) (-0.1837, -0.0516, 0.3016, 0.9341) (0.2502, 29.9482, -4.8794) (-0.0333, 0.0241, 0.0079, -0.9991) -20.72902 31.2127 92.71505
2 1 214.6752 (0.6038, 29.5371, -4.9414) (-0.1939, 0.1110, 0.2949, 0.9291) (0.2569, 29.9482, -4.8846) (-0.0317, 0.0043, 0.0102, -0.9994) 9.183373 42.56598 90.02113
3 1 215.1193 (0.5290, 29.4577, -4.9814) (-0.1205, -0.0517, 0.3269, 0.9359) (0.2548, 29.9479, -4.8831) (-0.0321, 0.0124, 0.0092, -0.9994) -17.54943 19.17392 96.56282
4 0 215.5972 (0.5597, 29.5690, -4.9416) (-0.2485, 0.0584, 0.2815, 0.9250) (0.2527, 29.9471, -4.8777) (-0.0384, 0.0019, 0.0074, -0.9992) -3.187106 49.26645 86.96355
5 0 215.9973 (0.5698, 29.4279, -4.9445) (-0.0744, 0.0079, 0.3272, 0.9420) (0.2510, 29.9468, -4.8664) (-0.0413, 0.0098, 0.0049, -0.9991) -3.387273 14.52851 98.88098
6 0 216.3973 (0.5443, 29.5151, -4.9544) (-0.2360, -0.0161, 0.2752, 0.9319) (0.2536, 29.9461, -4.8660) (-0.0466, 0.0044, 0.0102, -0.9989) -15.9783 43.09589 88.81125
7 0 216.7973 (0.6257, 29.4462, -4.9353) (-0.0730, 0.0774, 0.3189, 0.9418) (0.2505, 29.9485, -4.8666) (-0.0286, 0.0249, 0.0046, -0.9993) 9.924623 18.69172 97.73495
8 0 217.2637 (0.5373, 29.4898, -4.9699) (-0.1852, -0.0597, 0.3021, 0.9332) (0.2526, 29.9501, -4.8762) (-0.0191, 0.0287, 0.0075, -0.9994) -22.34115 30.9574 92.42571
9 0 217.9751 (0.6409, 29.4850, -4.9258) (-0.1104, 0.1144, 0.3210, 0.9336) (0.2509, 29.9508, -4.8686) (-0.0174, 0.0260, 0.0060, -0.9995) 14.26214 27.96594 94.94471
10 0 218.3309 (0.5436, 29.4479, -4.9537) (-0.1163, -0.0524, 0.3299, 0.9353) (0.2475, 29.9487, -4.8645) (-0.0282, 0.0344, 0.0007, -0.9990) -17.48087 18.28989 96.74657
11 0 218.7531 (0.6336, 29.5576, -4.9014) (-0.1929, 0.1268, 0.3272, 0.9163) (0.2525, 29.9494, -4.8707) (-0.0283, 0.0033, 0.0072, -0.9996) 10.62234 43.65144 89.34045
12 0 219.2197 (0.5920, 29.4263, -4.9410) (-0.0575, -0.0086, 0.3533, 0.9337) (0.2561, 29.9482, -4.8709) (-0.0329, 0.0058, 0.0056, -0.9994) -5.660982 10.12428 99.32498
13 0 219.6752 (0.5806, 29.6035, -4.9001) (-0.2418, 0.0807, 0.3327, 0.9079) (0.2507, 29.9499, -4.8827) (-0.0245, 0.0074, 0.0045, -0.9997) -1.436709 49.27925 87.00282
14 0 220.1198 (0.6471, 29.4593, -4.9045) (-0.0609, 0.0938, 0.3592, 0.9265) (0.2563, 29.9489, -4.8758) (-0.0269, 0.0007, 0.0037, -0.9996) 13.00688 18.01622 97.49993
15 0 220.6197 (0.5212, 29.5798, -4.8992) (-0.2358, 0.0059, 0.3177, 0.9184) (0.2485, 29.9495, -4.8793) (-0.0251, 0.0211, 0.0022, -0.9995) -13.90531 43.69117 88.86914
0 0 221.1532 (0.6199, 29.5097, -4.8806) (-0.1361, 0.1221, 0.3190, 0.9300) (0.2566, 29.9482, -4.8676) (-0.0340, 0.0009, 0.0078, -0.9994) 14.02309 33.10047 93.31512
1 0 221.5864 (0.5078, 29.5014, -4.9133) (-0.1772, -0.0482, 0.3384, 0.9229) (0.2536, 29.9484, -4.8694) (-0.0316, 0.0123, 0.0063, -0.9994) -20.89514 29.449 93.25315
2 0 222.1865 (0.6054, 29.5289, -4.8961) (-0.1834, 0.1101, 0.3111, 0.9260) (0.2587, 29.9486, -4.8736) (-0.0313, -0.0083, 0.0079, -0.9994) 8.980717 40.82174 90.84566
3 0 222.5425 (0.5404, 29.4543, -4.9309) (-0.1044, -0.0364, 0.3554, 0.9281) (0.2557, 29.9491, -4.8780) (-0.0250, 0.0111, 0.0038, -0.9996) -14.1756 16.79991 97.55417
4 0 222.9756 (0.5780, 29.5685, -4.9081) (-0.2637, 0.0856, 0.3054, 0.9110) (0.2550, 29.9488, -4.8763) (-0.0281, 0.0033, 0.0036, -0.9996) -0.5100161 53.26572 84.63157
5 0 223.3978 (0.5754, 29.4298, -4.9197) (-0.0726, 0.0059, 0.3484, 0.9345) (0.2532, 29.9475, -4.8692) (-0.0336, 0.0086, -0.0001, -0.9994) -3.959506 13.98729 98.93775
6 0 223.8311 (0.5490, 29.5148, -4.9196) (-0.2396, 0.0064, 0.2856, 0.9279) (0.2532, 29.9473, -4.8663) (-0.0366, 0.0047, 0.0030, -0.9993) -12.50087 44.83105 88.50935
7 0 224.2866 (0.6116, 29.4363, -4.9125) (-0.0597, 0.0744, 0.3241, 0.9412) (0.2532, 29.9467, -4.8616) (-0.0405, -0.0040, -0.0031, -0.9992) 10.14421 16.05836 98.17955
8 0 224.7536 (0.5088, 29.4870, -4.9351) (-0.1717, -0.0386, 0.2982, 0.9382) (0.2479, 29.9473, -4.8683) (-0.0378, 0.0125, -0.0040, -0.9992) -17.472 29.9145 93.80753
9 0 225.2201 (0.5996, 29.4891, -4.9140) (-0.1239, 0.1043, 0.2976, 0.9409) (0.2501, 29.9482, -4.8746) (-0.0315, 0.0045, -0.0057, -0.9995) 12.24761 29.52028 94.75521
10 0 225.7202 (0.5139, 29.4529, -4.9616) (-0.1073, -0.0488, 0.3264, 0.9379) (0.2480, 29.9483, -4.8825) (-0.0296, 0.0135, -0.0068, -0.9994) -16.15336 16.94151 97.22168
11 0 226.1867 (0.5917, 29.5556, -4.9222) (-0.1920, 0.1123, 0.2972, 0.9285) (0.2513, 29.9485, -4.8878) (-0.0291, 0.0037, -0.0016, -0.9996) 9.431397 42.33564 90.10406
12 0 226.7202 (0.5485, 29.4398, -4.9411) (-0.0582, -0.0025, 0.3345, 0.9406) (0.2511, 29.9481, -4.8864) (-0.0267, 0.0134, -0.0011, -0.9996) -4.352392 10.77514 99.32247
13 0 227.2315 (0.5460, 29.5846, -4.9088) (-0.2352, 0.0634, 0.2921, 0.9249) (0.2514, 29.9481, -4.8786) (-0.0323, 0.0066, 0.0010, -0.9995) -2.005719 47.20659 88.13351
14 0 227.7869 (0.5898, 29.4620, -4.8910) (-0.0604, 0.0777, 0.3225, 0.9414) (0.2506, 29.9475, -4.8708) (-0.0375, 0.0031, 0.0013, -0.9993) 10.73185 16.39404 98.06152
15 0 228.287 (0.4949, 29.5621, -4.9089) (-0.2297, -0.0109, 0.2987, 0.9262) (0.2455, 29.9482, -4.8775) (-0.0334, 0.0182, -0.0016, -0.9993) -15.74896 41.89946 89.42262
0 0 228.8763 (0.6075, 29.5086, -4.8868) (-0.1184, 0.1225, 0.3020, 0.9380) (0.2542, 29.9478, -4.8718) (-0.0342, -0.0085, 0.0020, -0.9994) 15.83313 29.6024 94.19666
1 0 229.3652 (0.4744, 29.5173, -4.9354) (-0.1964, -0.0582, 0.3122, 0.9277) (0.2493, 29.9483, -4.8768) (-0.0314, 0.0093, 0.0020, -0.9995) -23.06528 32.79676 91.60986
2 0 229.9092 (0.5855, 29.5596, -4.8967) (-0.1909, 0.1176, 0.2877, 0.9311) (0.2543, 29.9479, -4.8788) (-0.0316, -0.0132, 0.0035, -0.9994) 10.91006 42.31234 89.94797
3 0 230.3647 (0.4927, 29.4740, -4.9311) (-0.1394, -0.0443, 0.3249, 0.9344) (0.2501, 29.9474, -4.8753) (-0.0319, 0.0026, 0.0002, -0.9995) -17.32533 23.16613 95.72441
4 0 230.8094 (0.5279, 29.5892, -4.9039) (-0.2534, 0.0672, 0.2780, 0.9241) (0.2464, 29.9471, -4.8759) (-0.0373, 0.0026, -0.0031, -0.9993) -1.67679 50.57245 86.25321
5 0 231.287 (0.5357, 29.4468, -4.9113) (-0.0867, 0.0076, 0.3259, 0.9414) (0.2487, 29.9474, -4.8725) (-0.0347, 0.0078, -0.0036, -0.9994) -4.21537 16.81104 98.48665
6 0 231.7424 (0.4974, 29.5397, -4.9218) (-0.2224, -0.0089, 0.2811, 0.9335) (0.2472, 29.9472, -4.8736) (-0.0371, 0.0071, -0.0030, -0.9993) -14.15792 41.03063 90.08907
7 0 232.2315 (0.5893, 29.4526, -4.9024) (-0.0609, 0.0795, 0.3185, 0.9426) (0.2514, 29.9471, -4.8741) (-0.0369, -0.0044, -0.0016, -0.9993) 11.11066 16.55203 97.99277
8 0 232.7093 (0.4784, 29.5162, -4.9368) (-0.1885, -0.0503, 0.3180, 0.9278) (0.2479, 29.9482, -4.8814) (-0.0286, 0.0151, -0.0021, -0.9995) -21.32453 31.77232 92.38931
9 0 233.1647 (0.6214, 29.5137, -4.8940) (-0.1187, 0.1260, 0.2815, 0.9438) (0.2561, 29.9481, -4.8773) (-0.0306, -0.0082, 0.0009, -0.9995) 17.10771 29.49946 94.0059
10 0 233.6761 (0.4967, 29.4763, -4.9331) (-0.1280, -0.0538, 0.3164, 0.9384) (0.2484, 29.9480, -4.8790) (-0.0310, 0.0148, -0.0033, -0.9994) -18.19644 20.62368 96.1434
11 0 234.1094 (0.5801, 29.5761, -4.8862) (-0.1990, 0.1209, 0.3006, 0.9249) (0.2503, 29.9480, -4.8803) (-0.0320, 0.0055, 0.0022, -0.9995) 10.39127 44.07882 89.15761
12 0 234.5649 (0.5486, 29.4477, -4.8932) (-0.0395, 0.0157, 0.2890, 0.9564) (0.2477, 29.9478, -4.8758) (-0.0324, 0.0184, -0.0025, -0.9993) 0.7138371 8.454113 99.63944
13 0 235.0318 (0.5428, 29.6084, -4.8901) (-0.2472, 0.0757, 0.2540, 0.9320) (0.2471, 29.9488, -4.8794) (-0.0272, 0.0153, 0.0001, -0.9995) 1.548482 49.91951 86.63513
14 0 235.4871 (0.5714, 29.4763, -4.8904) (-0.0595, 0.0802, 0.3013, 0.9483) (0.2466, 29.9495, -4.8840) (-0.0208, 0.0233, -0.0033, -0.9995) 11.62246 16.11414 98.00639
15 0 235.9541 (0.4879, 29.5746, -4.9207) (-0.2272, -0.0090, 0.2805, 0.9325) (0.2439, 29.9505, -4.8878) (-0.0059, 0.0391, -0.0123, -0.9991) -14.4198 41.87675 89.65717
0 0 236.3873 (0.5716, 29.5291, -4.8856) (-0.1270, 0.1136, 0.2679, 0.9482) (0.2457, 29.9505, -4.8825) (-0.0096, 0.0350, -0.0082, -0.9993) 14.72918 30.17721 94.19335
1 0 236.8763 (0.4571, 29.5269, -4.9180) (-0.1820, -0.0552, 0.2935, 0.9369) (0.2424, 29.9495, -4.8801) (-0.0189, 0.0446, -0.0081, -0.9988) -21.02325 30.85503 92.76847
2 0 237.3651 (0.5642, 29.5645, -4.8852) (-0.2199, 0.1107, 0.2635, 0.9327) (0.2498, 29.9489, -4.8724) (-0.0260, 0.0197, -0.0034, -0.9995) 9.068991 46.84874 87.88031
3 0 237.7873 (0.4912, 29.4709, -4.9114) (-0.1211, -0.0538, 0.3160, 0.9395) (0.2499, 29.9487, -4.8684) (-0.0271, 0.0273, -0.0023, -0.9993) -17.75462 19.34687 96.49078
4 0 238.2319 (0.5186, 29.5767, -4.8962) (-0.2539, 0.0484, 0.2871, 0.9224) (0.2471, 29.9488, -4.8710) (-0.0280, 0.0236, -0.0040, -0.9993) -5.660256 49.61767 86.63745
5 0 238.6764 (0.5403, 29.4335, -4.9199) (-0.0704, 0.0129, 0.3125, 0.9472) (0.2464, 29.9497, -4.8744) (-0.0184, 0.0273, -0.0074, -0.9994) -1.961958 14.14107 98.97566
6 0 239.1208 (0.4838, 29.5389, -4.9399) (-0.2382, -0.0183, 0.2590, 0.9359) (0.2474, 29.9494, -4.8794) (-0.0232, 0.0220, -0.0040, -0.9995) -15.77238 43.62628 88.58882
7 0 239.5431 (0.5784, 29.4474, -4.9272) (-0.0705, 0.0798, 0.3027, 0.9471) (0.2477, 29.9503, -4.8845) (-0.0156, 0.0271, -0.0062, -0.9995) 10.85444 18.1859 97.73154
-1 0 241.2207 (0.5243, 29.5781, -4.9776) (-0.3339, 0.0575, 0.2040, 0.9185) (0.2530, 29.9518, -4.8909) (-0.0055, -0.0049, 0.0078, -0.9999) -3.058609 63.6805 77.04179
0 0 242.0432 (0.5863, 29.4965, -4.9155) (-0.1312, 0.1435, 0.2445, 0.9499) (0.2543, 29.9501, -4.8829) (-0.0168, -0.0103, 0.0093, -0.9998) 20.85173 31.95141 92.43546
1 0 243.0212 (0.5085, 29.4933, -4.9310) (-0.1514, 0.0179, 0.2675, 0.9514) (0.2496, 29.9492, -4.8769) (-0.0241, -0.0003, 0.0066, -0.9997) -4.700161 29.77006 95.35015
2 0 243.7768 (0.5336, 29.5142, -4.8980) (-0.1723, 0.0704, 0.2535, 0.9492) (0.2496, 29.9489, -4.8653) (-0.0273, -0.0050, 0.0083, -0.9996) 4.623874 36.28695 93.06921
3 0 244.4547 (0.4864, 29.4679, -4.8965) (-0.1247, -0.0110, 0.2698, 0.9548) (0.2421, 29.9482, -4.8518) (-0.0311, 0.0005, 0.0042, -0.9995) -8.826376 23.21087 96.8677
4 0 245.2101 (0.5004, 29.6050, -4.9147) (-0.3351, 0.0520, 0.1829, 0.9228) (0.2430, 29.9493, -4.8577) (-0.0247, 0.0021, 0.0043, -0.9997) -2.671321 63.74998 76.99873
5 0 247.1551 (0.5165, 29.4519, -4.8965) (-0.1161, 0.0321, 0.2829, 0.9516) (0.2455, 29.9482, -4.8624) (-0.0286, 0.0065, 0.0038, -0.9996) -0.4524585 23.91903 97.09621
6 0 247.9104 (0.4941, 29.4990, -4.9106) (-0.2053, 0.0005, 0.2510, 0.9460) (0.2442, 29.9485, -4.8624) (-0.0265, 0.0076, 0.0038, -0.9996) -10.20672 38.87175 91.5686
7 0 248.6213 (0.5484, 29.4479, -4.8925) (-0.0960, 0.0680, 0.2948, 0.9483) (0.2478, 29.9481, -4.8623) (-0.0273, -0.0049, 0.0067, -0.9996) 7.229544 22.20773 97.23451
8 0 249.9548 (0.5155, 29.4796, -4.9143) (-0.1530, 0.0205, 0.2767, 0.9485) (0.2470, 29.9489, -4.8710) (-0.0251, 0.0036, 0.0047, -0.9997) -4.585918 30.15864 95.23354
9 0 250.5771 (0.6004, 29.4938, -4.8921) (-0.1145, 0.1558, 0.2582, 0.9466) (0.2493, 29.9487, -4.8743) (-0.0253, -0.0032, 0.0063, -0.9997) 23.58208 29.72482 92.522
10 0 251.3771 (0.4970, 29.4719, -4.9445) (-0.1312, -0.0053, 0.2955, 0.9463) (0.2479, 29.9492, -4.8854) (-0.0186, 0.0078, 0.0048, -0.9998) -8.747906 24.5193 96.55195
11 0 252.1888 (0.5397, 29.5167, -4.9293) (-0.1694, 0.0745, 0.2710, 0.9446) (0.2520, 29.9497, -4.8896) (-0.0152, 0.0007, 0.0085, -0.9998) 4.88711 36.04528 93.14964
12 0 253.7436 (0.5250, 29.4820, -4.9289) (-0.1138, 0.0334, 0.3019, 0.9459) (0.2505, 29.9497, -4.8881) (-0.0184, 0.0061, 0.0069, -0.9998) -0.5453184 23.55232 97.18534
13 0 254.5772 (0.5211, 29.5835, -4.9629) (-0.3426, 0.0555, 0.1975, 0.9168) (0.2519, 29.9502, -4.8853) (-0.0136, 0.0059, 0.0088, -0.9999) -3.359172 65.00583 75.91415
14 0 255.3661 (0.5541, 29.4439, -4.9105) (-0.1010, 0.0654, 0.3035, 0.9452) (0.2547, 29.9483, -4.8782) (-0.0270, 0.0022, 0.0105, -0.9996) 6.237127 23.06262 97.10414
15 0 256.033 (0.5117, 29.5028, -4.9333) (-0.2102, 0.0050, 0.2707, 0.9394) (0.2520, 29.9488, -4.8768) (-0.0260, 0.0055, 0.0088, -0.9996) -10.43828 39.76569 91.15773
0 0 256.5886 (0.6070, 29.4864, -4.8979) (-0.1195, 0.1572, 0.2788, 0.9398) (0.2531, 29.9487, -4.8766) (-0.0262, -0.0018, 0.0091, -0.9996) 22.88661 31.23252 92.19942
1 0 257.4662 (0.5202, 29.4769, -4.9082) (-0.1513, 0.0234, 0.2919, 0.9441) (0.2515, 29.9478, -4.8667) (-0.0328, 0.0069, 0.0109, -0.9994) -4.420918 29.93798 95.31093
2 0 258.1995 (0.5459, 29.4999, -4.8898) (-0.1741, 0.0751, 0.2761, 0.9422) (0.2518, 29.9480, -4.8633) (-0.0319, 0.0029, 0.0114, -0.9994) 4.529501 36.95771 92.80954
3 0 258.8219 (0.5112, 29.4583, -4.9102) (-0.1291, -0.0006, 0.3115, 0.9414) (0.2491, 29.9476, -4.8648) (-0.0324, 0.0060, 0.0083, -0.9994) -8.155626 24.26405 96.66821
4 0 259.5441 (0.5455, 29.5663, -4.9246) (-0.3412, 0.0663, 0.2288, 0.9093) (0.2550, 29.9482, -4.8685) (-0.0290, -0.0005, 0.0119, -0.9995) -3.566031 65.08282 75.83871
5 0 260.7779 (0.5541, 29.4494, -4.9063) (-0.1138, 0.0347, 0.3126, 0.9424) (0.2553, 29.9473, -4.8678) (-0.0333, -0.0043, 0.0130, -0.9994) -0.5794227 23.60756 97.17175
6 0 262.7998 (0.5466, 29.4994, -4.9523) (-0.2133, 0.0094, 0.2840, 0.9348) (0.2582, 29.9482, -4.8839) (-0.0235, -0.0215, 0.0126, -0.9994) -10.36472 40.39975 90.88692
7 0 263.4998 (0.5915, 29.4505, -4.9463) (-0.0957, 0.0696, 0.3053, 0.9449) (0.2599, 29.9476, -4.8883) (-0.0261, -0.0221, 0.0148, -0.9993) 7.30729 22.32764 97.20123
8 0 264.3553 (0.5544, 29.4799, -4.9452) (-0.1522, 0.0240, 0.2971, 0.9423) (0.2568, 29.9478, -4.8841) (-0.0260, -0.0114, 0.0118, -0.9995) -4.522862 30.11764 95.24952
9 0 264.8887 (0.6241, 29.4944, -4.9196) (-0.1207, 0.1524, 0.2837, 0.9390) (0.2591, 29.9476, -4.8830) (-0.0284, -0.0155, 0.0130, -0.9994) 21.78181 31.30664 92.44159
10 0 265.5663 (0.5193, 29.4667, -4.9408) (-0.1272, -0.0046, 0.3168, 0.9399) (0.2518, 29.9474, -4.8807) (-0.0277, 0.0046, 0.0079, -0.9996) -8.921604 23.6144 96.76138
11 0 266.2443 (0.5571, 29.5157, -4.9122) (-0.1720, 0.0816, 0.2861, 0.9391) (0.2529, 29.9479, -4.8786) (-0.0257, -0.0019, 0.0110, -0.9996) 5.484747 36.97602 92.75069
12 0 267.0334 (0.5387, 29.4694, -4.9122) (-0.1172, 0.0381, 0.3185, 0.9399) (0.2518, 29.9473, -4.8753) (-0.0289, 0.0014, 0.0099, -0.9995) -0.3102429 24.45035 96.96434
13 0 267.9334 (0.5368, 29.5715, -4.9321) (-0.3252, 0.0729, 0.2354, 0.9130) (0.2546, 29.9483, -4.8733) (-0.0254, 0.0008, 0.0124, -0.9996) -1.997751 62.8087 77.78867
14 0 268.7113 (0.5569, 29.4400, -4.8985) (-0.0932, 0.0741, 0.3297, 0.9365) (0.2547, 29.9469, -4.8702) (-0.0343, 0.0009, 0.0126, -0.9993) 7.724587 22.34206 97.16565
15 0 269.3447 (0.5137, 29.4959, -4.9187) (-0.2112, 0.0095, 0.2916, 0.9329) (0.2535, 29.9475, -4.8701) (-0.0289, 0.0072, 0.0113, -0.9995) -10.54422 39.95958 91.0607
0 0 269.9447 (0.6011, 29.4851, -4.8880) (-0.1287, 0.1556, 0.2957, 0.9337) (0.2546, 29.9473, -4.8685) (-0.0321, -0.0051, 0.0112, -0.9994) 21.44695 33.24471 91.84126
1 0 270.6671 (0.5209, 29.4770, -4.9088) (-0.1516, 0.0267, 0.3088, 0.9386) (0.2524, 29.9471, -4.8691) (-0.0324, 0.0079, 0.0113, -0.9994) -4.357654 30.1087 95.26005
2 0 271.4004 (0.5501, 29.4967, -4.8945) (-0.1687, 0.0785, 0.2905, 0.9386) (0.2562, 29.9472, -4.8670) (-0.0320, 0.0008, 0.0155, -0.9994) 4.925257 36.22866 93.07645
3 0 272.0338 (0.5111, 29.4517, -4.9096) (-0.1283, 0.0023, 0.3177, 0.9395) (0.2524, 29.9464, -4.8630) (-0.0371, 0.0054, 0.0118, -0.9992) -7.710508 24.24906 96.70849
4 0 273.0894 (0.5302, 29.5570, -4.9232) (-0.3451, 0.0660, 0.2300, 0.9076) (0.2534, 29.9468, -4.8603) (-0.0342, 0.0016, 0.0123, -0.9993) -3.893211 65.67365 75.31145
5 0 273.9449 (0.5422, 29.4352, -4.9039) (-0.1159, 0.0349, 0.3214, 0.9392) (0.2548, 29.9459, -4.8617) (-0.0403, 0.0014, 0.0120, -0.9991) -0.8958526 24.00579 97.07172
6 0 274.7002 (0.5130, 29.4889, -4.9172) (-0.2104, 0.0052, 0.2919, 0.9330) (0.2511, 29.9475, -4.8627) (-0.0321, 0.0066, 0.0103, -0.9994) -11.31128 39.55549 91.14503
7 0 275.6338 (0.5708, 29.4322, -4.9113) (-0.0963, 0.0724, 0.3183, 0.9403) (0.2557, 29.9468, -4.8641) (-0.0307, 0.0019, 0.0134, -0.9994) 7.481344 22.72142 97.09669
8 0 277.0781 (0.5348, 29.4617, -4.9351) (-0.1510, 0.0239, 0.2989, 0.9420) (0.2539, 29.9465, -4.8739) (-0.0247, -0.0002, 0.0131, -0.9996) -4.52999 29.87156 95.32664
9 0 277.6672 (0.6012, 29.4824, -4.8988) (-0.1157, 0.1541, 0.2914, 0.9370) (0.2533, 29.9462, -4.8731) (-0.0261, -0.0047, 0.0139, -0.9996) 22.13177 30.65692 92.57612
10 0 278.3897 (0.5166, 29.4549, -4.9287) (-0.1236, 0.0005, 0.3217, 0.9387) (0.2530, 29.9461, -4.8731) (-0.0270, 0.0081, 0.0145, -0.9995) -7.861441 23.24078 96.94361
11 0 279.1897 (0.5523, 29.5098, -4.9058) (-0.1725, 0.0836, 0.2930, 0.9367) (0.2551, 29.9461, -4.8745) (-0.0273, 0.0000, 0.0185, -0.9995) 5.559488 37.21062 92.65237
12 0 279.9785 (0.5388, 29.4567, -4.9141) (-0.1142, 0.0400, 0.3293, 0.9364) (0.2545, 29.9457, -4.8769) (-0.0285, 0.0046, 0.0166, -0.9994) -0.04137158 24.02805 97.07034
13 0 280.7232 (0.5298, 29.6050, -4.9552) (-0.3411, 0.0683, 0.2320, 0.9084) (0.2541, 29.9465, -4.8766) (-0.0244, 0.0039, 0.0158, -0.9996) -3.419945 65.13803 75.79803
14 0 281.5453 (0.5621, 29.4370, -4.9067) (-0.0936, 0.0664, 0.3297, 0.9371) (0.2523, 29.9456, -4.8730) (-0.0313, 0.0007, 0.0143, -0.9994) 6.271492 21.9294 97.36411
15 0 282.2122 (0.5030, 29.5183, -4.9440) (-0.2158, 0.0083, 0.2857, 0.9337) (0.2513, 29.9457, -4.8799) (-0.0304, 0.0058, 0.0132, -0.9994) -10.78536 40.77071 90.67208
0 0 282.9009 (0.6130, 29.4987, -4.9090) (-0.1240, 0.1606, 0.2826, 0.9375) (0.2570, 29.9454, -4.8795) (-0.0343, -0.0161, 0.0181, -0.9991) 23.10651 32.33644 91.76298
1 0 285.2347 (0.5216, 29.4839, -4.9049) (-0.1510, 0.0246, 0.3085, 0.9388) (0.2498, 29.9451, -4.8677) (-0.0379, 0.0016, 0.0128, -0.9992) -4.701545 29.87148 95.31837
2 0 285.8904 (0.5427, 29.5050, -4.9008) (-0.1727, 0.0820, 0.2921, 0.9371) (0.2505, 29.9452, -4.8707) (-0.0376, -0.0007, 0.0135, -0.9992) 5.285173 37.15105 92.69232
3 0 286.4795 (0.5119, 29.4557, -4.9260) (-0.1256, 0.0001, 0.3240, 0.9377) (0.2519, 29.9445, -4.8721) (-0.0416, 0.0019, 0.0144, -0.9990) -8.11228 23.56459 96.84473
4 1 287.3127 (0.4882, 29.7272, -4.9272) (-0.3403, 0.0747, 0.2250, 0.9099) (0.2405, 29.9606, -4.9091) (0.0808, -0.0076, 0.0160, -0.9966) -0.9653772 65.42577 75.72124
5 1 289.1127 (0.4724, 29.4850, -4.9074) (-0.1164, 0.0318, 0.2596, 0.9581) (0.2323, 29.9422, -4.8743) (-0.0391, -0.0078, 0.0104, -0.9992) -0.0615829 24.27426 97.08796
6 1 289.8461 (0.4533, 29.5133, -4.9055) (-0.2083, -0.0101, 0.2153, 0.9540) (0.2340, 29.9425, -4.8628) (-0.0449, -0.0011, 0.0171, -0.9988) -10.4244 39.26726 91.29819
7 1 290.5241 (0.5080, 29.4656, -4.8865) (-0.0966, 0.0610, 0.2542, 0.9604) (0.2403, 29.9424, -4.8592) (-0.0460, -0.0150, 0.0255, -0.9985) 6.827065 21.96624 97.38889
8 1 291.7574 (0.4923, 29.4883, -4.9252) (-0.1517, 0.0122, 0.2302, 0.9612) (0.2477, 29.9428, -4.8762) (-0.0441, -0.0074, 0.0304, -0.9985) -4.210392 29.51782 95.36526
9 1 292.3795 (0.5521, 29.5020, -4.9016) (-0.1359, 0.1395, 0.2229, 0.9552) (0.2485, 29.9426, -4.8775) (-0.0441, -0.0108, 0.0315, -0.9985) 20.70904 32.06791 92.41711
10 1 293.013 (0.4713, 29.4665, -4.9216) (-0.1260, -0.0120, 0.2581, 0.9578) (0.2466, 29.9419, -4.8706) (-0.0503, -0.0037, 0.0325, -0.9982) -8.309382 23.58509 96.79793
11 1 293.7239 (0.5091, 29.5088, -4.8977) (-0.1750, 0.0720, 0.2370, 0.9529) (0.2461, 29.9419, -4.8705) (-0.0501, -0.0098, 0.0332, -0.9981) 6.036179 36.6519 92.83747
12 1 294.3795 (0.5006, 29.4628, -4.9085) (-0.1159, 0.0314, 0.2718, 0.9548) (0.2482, 29.9414, -4.8725) (-0.0528, -0.0075, 0.0329, -0.9980) -0.2115256 23.90103 97.11463
13 1 295.0352 (0.4943, 29.5988, -4.9513) (-0.3333, 0.0603, 0.1911, 0.9213) (0.2474, 29.9426, -4.8789) (-0.0447, -0.0073, 0.0310, -0.9985) -1.643054 63.73609 77.05498
14 1 295.8577 (0.5231, 29.4420, -4.9233) (-0.1021, 0.0637, 0.2880, 0.9500) (0.2466, 29.9418, -4.8827) (-0.0489, -0.0105, 0.0292, -0.9983) 6.960634 22.81715 97.1011
15 1 296.5359 (0.4769, 29.4981, -4.9414) (-0.2091, 0.0018, 0.2511, 0.9451) (0.2435, 29.9423, -4.8827) (-0.0460, -0.0027, 0.0263, -0.9986) -9.359511 39.35372 91.25682
0 1 297.1354 (0.5737, 29.4820, -4.9071) (-0.1222, 0.1509, 0.2638, 0.9448) (0.2445, 29.9420, -4.8790) (-0.0492, -0.0149, 0.0277, -0.9983) 21.95104 31.1776 92.45808
1 1 298.1579 (0.4950, 29.4743, -4.9437) (-0.1522, 0.0219, 0.2722, 0.9499) (0.2439, 29.9423, -4.8849) (-0.0469, -0.0072, 0.0272, -0.9985) -4.491853 30.25248 95.27242
2 1 298.7691 (0.5237, 29.4987, -4.9392) (-0.1727, 0.0736, 0.2573, 0.9479) (0.2470, 29.9422, -4.8899) (-0.0457, -0.0106, 0.0298, -0.9985) 5.102511 36.45125 92.95235
3 1 299.38 (0.4864, 29.4542, -4.9518) (-0.1274, -0.0058, 0.2906, 0.9483) (0.2429, 29.9415, -4.8859) (-0.0505, -0.0086, 0.0276, -0.9983) -7.69763 23.72132 96.74957
4 1 300.1024 (0.4988, 29.6196, -4.9641) (-0.3475, 0.0615, 0.2112, 0.9115) (0.2455, 29.9433, -4.8803) (-0.0371, -0.0135, 0.0299, -0.9988) -3.416817 65.92925 75.09111
5 1 300.9137 (0.5096, 29.4494, -4.9087) (-0.1183, 0.0319, 0.3035, 0.9449) (0.2451, 29.9419, -4.8710) (-0.0486, -0.0106, 0.0264, -0.9984) -0.4100583 24.00796 96.99599
6 1 301.4694 (0.4836, 29.5173, -4.9428) (-0.2191, 0.0072, 0.2757, 0.9359) (0.2469, 29.9433, -4.8815) (-0.0385, -0.0053, 0.0280, -0.9989) -10.46028 41.45927 90.39019
7 1 302.2023 (0.5376, 29.4667, -4.9401) (-0.1051, 0.0693, 0.3056, 0.9438) (0.2522, 29.9429, -4.8934) (-0.0363, -0.0180, 0.0341, -0.9986) 7.328434 23.4728 96.83198
8 1 302.8915 (0.4989, 29.4887, -4.9572) (-0.1560, 0.0242, 0.2935, 0.9429) (0.2469, 29.9440, -4.8973) (-0.0341, -0.0083, 0.0292, -0.9990) -4.432241 30.35068 95.01851
9 1 303.4582 (0.5731, 29.5034, -4.9162) (-0.1196, 0.1549, 0.2736, 0.9417) (0.2470, 29.9435, -4.8909) (-0.0371, -0.0138, 0.0306, -0.9987) 22.57323 31.02618 92.33988
10 1 304.2694 (0.4784, 29.4664, -4.9494) (-0.1183, -0.0020, 0.3193, 0.9402) (0.2442, 29.9428, -4.8886) (-0.0397, -0.0056, 0.0261, -0.9989) -7.759843 22.39378 97.19904
11 1 304.9586 (0.5121, 29.5237, -4.9334) (-0.1751, 0.0868, 0.2838, 0.9388) (0.2429, 29.9447, -4.8946) (-0.0254, -0.0082, 0.0226, -0.9994) 5.673379 37.18967 92.36333
12 1 305.725 (0.4985, 29.4770, -4.9170) (-0.1137, 0.0374, 0.3104, 0.9431) (0.2424, 29.9436, -4.8821) (-0.0339, -0.0063, 0.0220, -0.9992) 0.1157595 24.10503 97.13617
13 1 306.4364 (0.4851, 29.6443, -4.9263) (-0.3365, 0.0702, 0.2319, 0.9100) (0.2479, 29.9441, -4.8824) (-0.0340, -0.0145, 0.0244, -0.9990) -2.645356 64.17365 76.36381
14 1 307.2253 (0.5254, 29.4654, -4.9061) (-0.0893, 0.0675, 0.3060, 0.9454) (0.2508, 29.9420, -4.8804) (-0.0457, -0.0129, 0.0263, -0.9985) 7.481172 21.91593 97.49353
15 1 307.9144 (0.4756, 29.5166, -4.9330) (-0.2072, 0.0032, 0.2667, 0.9412) (0.2482, 29.9427, -4.8829) (-0.0428, -0.0057, 0.0252, -0.9987) -9.9882 39.00592 91.41273
0 1 308.6144 (0.5787, 29.4963, -4.8971) (-0.1206, 0.1501, 0.2791, 0.9408) (0.2530, 29.9426, -4.8806) (-0.0433, -0.0213, 0.0298, -0.9984) 21.55616 31.88888 92.58583
1 1 309.3145 (0.4935, 29.4838, -4.9271) (-0.1525, 0.0232, 0.2986, 0.9418) (0.2493, 29.9424, -4.8821) (-0.0442, -0.0101, 0.0266, -0.9986) -4.441325 30.26264 95.23864
2 1 309.9256 (0.5249, 29.5087, -4.9075) (-0.1696, 0.0784, 0.2813, 0.9413) (0.2507, 29.9421, -4.8785) (-0.0470, -0.0141, 0.0275, -0.9984) 5.51549 36.23494 93.01589
3 1 310.5255 (0.4868, 29.4547, -4.9188) (-0.1239, -0.0033, 0.3148, 0.9410) (0.2496, 29.9413, -4.8715) (-0.0533, -0.0128, 0.0280, -0.9981) -8.067655 23.44542 96.92765
4 1 311.3147 (0.5030, 29.6074, -4.9207) (-0.3402, 0.0677, 0.2292, 0.9095) (0.2504, 29.9415, -4.8641) (-0.0524, -0.0176, 0.0280, -0.9981) -3.138741 64.96622 75.9309
5 1 312.5476 (0.5169, 29.4395, -4.8979) (-0.1147, 0.0380, 0.3181, 0.9403) (0.2492, 29.9404, -4.8643) (-0.0580, -0.0101, 0.0244, -0.9980) -0.2626593 23.59827 97.0789
6 1 313.1701 (0.4952, 29.4935, -4.9306) (-0.2120, 0.0104, 0.2832, 0.9353) (0.2503, 29.9421, -4.8771) (-0.0467, -0.0081, 0.0256, -0.9985) -10.11044 40.17027 90.99087
7 1 313.8033 (0.5429, 29.4489, -4.9108) (-0.0954, 0.0728, 0.3139, 0.9418) (0.2534, 29.9417, -4.8750) (-0.0507, -0.0160, 0.0280, -0.9982) 7.226705 22.88837 97.11931
8 1 314.6148 (0.5096, 29.4751, -4.9250) (-0.1489, 0.0226, 0.3069, 0.9397) (0.2527, 29.9419, -4.8792) (-0.0465, -0.0082, 0.0281, -0.9985) -4.572092 29.66606 95.46079
9 1 315.1813 (0.5953, 29.4917, -4.9030) (-0.1181, 0.1574, 0.2860, 0.9378) (0.2554, 29.9423, -4.8807) (-0.0460, -0.0235, 0.0284, -0.9983) 22.67802 31.14884 92.25638
10 1 316.3703 (0.5023, 29.4652, -4.9421) (-0.1245, -0.0049, 0.3274, 0.9366) (0.2497, 29.9424, -4.8858) (-0.0416, -0.0126, 0.0233, -0.9988) -8.552142 23.48226 96.89339
11 1 317.4815 (0.5361, 29.5077, -4.9254) (-0.1676, 0.0792, 0.2884, 0.9394) (0.2502, 29.9430, -4.8885) (-0.0398, -0.0127, 0.0252, -0.9988) 5.575836 36.1754 93.12897
12 1 318.126 (0.5208, 29.4611, -4.9318) (-0.1164, 0.0385, 0.3172, 0.9404) (0.2504, 29.9427, -4.8864) (-0.0426, -0.0099, 0.0258, -0.9987) -0.4612842 24.16195 96.99619
13 1 318.9485 (0.5064, 29.6241, -4.9657) (-0.3371, 0.0712, 0.2281, 0.9106) (0.2526, 29.9429, -4.8872) (-0.0393, -0.0153, 0.0289, -0.9987) -2.470313 64.44569 76.25835
14 1 319.8711 (0.5530, 29.4390, -4.9403) (-0.0881, 0.0694, 0.3146, 0.9426) (0.2494, 29.9431, -4.8825) (-0.0356, -0.0096, 0.0230, -0.9991) 7.374302 21.51972 97.4854
15 1 320.6158 (0.5001, 29.4985, -4.9784) (-0.2104, 0.0047, 0.2762, 0.9378) (0.2458, 29.9456, -4.8945) (-0.0114, -0.0003, 0.0129, -0.9999) -10.22551 39.26665 91.13815
0 1 321.2266 (0.6023, 29.4727, -4.9424) (-0.1139, 0.1645, 0.2839, 0.9377) (0.2450, 29.9455, -4.8895) (-0.0165, -0.0154, 0.0140, -0.9996) 24.34477 30.74581 91.99136
1 1 321.9932 (0.5041, 29.4666, -4.9487) (-0.1536, 0.0173, 0.2938, 0.9433) (0.2433, 29.9443, -4.8775) (-0.0281, -0.0026, 0.0159, -0.9995) -4.670406 30.31813 95.22089
2 1 322.5712 (0.5322, 29.4912, -4.9280) (-0.1684, 0.0803, 0.2841, 0.9405) (0.2419, 29.9439, -4.8749) (-0.0313, -0.0061, 0.0145, -0.9994) 5.528111 36.34802 93.04313
3 1 323.1048 (0.4994, 29.4395, -4.9414) (-0.1258, -0.0023, 0.3054, 0.9439) (0.2429, 29.9428, -4.8681) (-0.0365, -0.0077, 0.0181, -0.9991) -7.610658 23.9905 96.83388
4 1 323.7934 (0.4990, 29.6256, -4.9517) (-0.3489, 0.0682, 0.2202, 0.9084) (0.2435, 29.9439, -4.8708) (-0.0362, -0.0115, 0.0162, -0.9991) -2.963513 66.38938 74.72309
5 1 324.605 (0.5264, 29.4396, -4.9496) (-0.1140, 0.0372, 0.3187, 0.9402) (0.2476, 29.9433, -4.8828) (-0.0323, -0.0109, 0.0165, -0.9993) 0.06971884 24.08974 97.12603
6 1 325.1823 (0.4943, 29.5004, -4.9674) (-0.2091, 0.0086, 0.2853, 0.9353) (0.2472, 29.9444, -4.8880) (-0.0256, -0.0059, 0.0174, -0.9995) -9.992062 39.5442 91.23683
7 1 325.8601 (0.5445, 29.4404, -4.9448) (-0.0921, 0.0646, 0.3196, 0.9408) (0.2467, 29.9436, -4.8827) (-0.0298, -0.0096, 0.0184, -0.9993) 6.39062 21.93368 97.46912
