0.02 False 948 876 0
0.04 False 942 868 0
0.3733333 False 942 868 0
0.4281221 False 942 868 0
0.4450741 False 942 868 0
0.4621651 False 942 868 0
0.4791285 False 942 868 0
0.4960806 False 941 865 0
0.5130292 False 940 856 0
0.5299901 False 940 845 0
0.5469408 False 943 833 0
0.5638921 False 950 816 0
0.5808451 False 957 799 0
0.5977979 False 969 779 0
0.6147549 False 977 770 0
0.6317077 False 984 760 0
0.6486573 False 988 757 0
0.6656168 False 989 757 0
0.6825643 False 989 757 0
0.6995288 False 989 757 0
0.7164865 False 989 757 0
0.7334363 False 989 757 0
0.7504344 False 989 757 0
0.7673779 False 989 757 0
0.7843534 False 989 757 0
0.8013029 False 989 757 0
0.8182552 False 989 757 0
0.8352028 False 989 757 0
0.8521522 False 989 757 0
0.8691045 False 989 757 0
0.8860738 False 989 757 0
0.90302 False 989 757 0
0.9199694 False 989 757 0
0.9369177 False 989 757 0
0.9538689 False 989 757 0
0.9708229 False 989 757 0
0.9877757 False 989 757 0
1.004725 False 989 757 0
1.021676 False 989 757 0
1.038625 False 989 757 0
1.055572 False 989 757 0
1.072524 False 989 757 0
1.089472 False 989 757 0
1.106848 False 989 757 0
1.123807 False 989 757 0
1.140837 False 989 757 0
1.15779 False 989 757 0
1.174734 False 989 757 0
1.191686 False 989 757 0
1.208633 False 989 757 0
1.225594 False 989 757 0
1.242532 False 989 757 0
1.259487 False 989 757 0
1.276434 False 989 757 0
1.293386 False 989 757 0
1.310335 False 989 757 0
1.327286 False 989 757 0
1.344233 False 989 750 0
1.361183 False 988 726 0
1.378132 False 986 714 0
1.395084 False 985 683 0
1.412034 False 983 656 0
1.429149 False 983 625 0
1.446102 False 984 622 0
1.463052 False 984 613 0
1.480002 False 983 605 0
1.49695 False 981 591 0
1.514311 False 980 587 0
1.531265 False 978 576 0
1.548218 False 977 573 0
1.565167 False 977 571 0
1.591675 False 977 552 0
1.609036 False 977 549 0
1.626 False 977 544 0
1.642942 False 978 541 0
1.659893 False 978 540 0
1.676845 False 978 540 0
1.693797 False 978 540 0
1.710765 False 976 535 0
1.727714 False 966 518 0
1.744668 False 957 499 0
1.761623 False 949 479 0
1.778575 False 944 453 0
1.795534 False 944 437 0
1.812484 False 945 425 0
1.829448 False 946 420 0
1.846398 False 946 420 0
1.863358 False 946 420 0
1.880304 False 946 420 0
1.897264 False 946 420 0
1.914213 False 946 420 0
1.931174 False 947 420 0
1.948123 False 949 421 0
1.965074 False 951 428 0
1.982032 False 952 431 0
1.998981 False 953 432 0
2.015958 False 953 434 0
2.03291 False 953 437 0
2.04986 False 953 439 0
2.066808 False 953 440 0
2.083759 False 953 440 0
2.100708 False 953 440 0
2.117666 False 953 440 0
2.134633 False 953 440 0
2.15158 False 953 440 0
2.168539 False 953 441 0
2.185487 False 953 442 0
2.202447 False 953 444 0
2.219448 False 951 448 0
2.236398 False 950 452 0
2.253348 False 950 453 0
2.270297 False 949 455 0
2.287246 False 949 456 0
2.304201 False 949 457 0
2.321147 False 949 457 0
2.338098 False 949 457 0
2.355047 False 949 457 0
2.372302 False 949 457 0
2.389247 False 949 457 0
2.406209 False 949 457 0
2.423158 False 949 457 0
2.440108 False 949 457 0
2.462671 False 949 457 0
2.486704 False 949 457 0
2.503657 False 949 457 0
2.521176 False 949 457 0
2.538131 False 949 457 0
2.55508 False 949 457 0
2.572034 False 949 457 0
2.588997 False 949 457 0
2.605947 False 949 457 0
2.622897 False 949 457 0
2.639887 False 949 457 0
2.656842 False 949 457 0
2.673808 False 949 457 0
2.690777 False 949 457 0
2.707723 False 949 457 0
2.72808 False 949 457 0
2.750426 False 949 457 0
2.76738 False 949 457 0
2.784988 False 949 457 0
2.802494 False 990 461 0
2.819891 False 1010 463 0
2.836863 False 1094 470 0
2.853813 False 1144 470 0
2.870762 False 1191 463 0
2.897635 False 1255 455 0
2.91466 False 1275 454 0
2.931606 False 1283 454 0
2.949062 False 1283 454 0
2.966025 False 1283 453 0
2.997243 False 1278 451 0
3.03017 False 1277 450 0
3.047123 False 1277 450 0
3.064278 False 1277 450 0
3.081236 False 1272 449 0
3.098185 False 1271 449 0
3.115136 False 1270 449 0
3.132093 False 1270 449 0
3.149057 False 1270 449 0
3.166006 False 1270 449 0
3.182964 False 1270 449 0
3.199908 False 1270 449 0
3.216878 False 1270 449 0
3.233827 False 1270 449 0
3.250775 True 1270 449 0
3.267726 False 1270 449 0
3.284678 False 1270 449 0
3.301628 False 1270 449 0
3.318577 False 1270 449 0
3.335528 False 1270 449 0
3.352478 False 1270 449 0
3.369427 False 1270 449 0
3.386375 False 1270 449 0
3.403326 False 1270 449 0
3.420278 False 1270 449 0
3.437225 False 1270 449 0
3.454177 False 1270 449 0
3.471125 False 1270 449 0
3.488075 False 1270 449 0
3.505026 False 1270 449 0
3.521976 False 1270 449 0
3.538926 False 1269 448 0
3.555878 False 1255 445 0
3.573591 False 1234 440 0
3.590539 False 1169 429 0
3.6075 False 1151 425 0
3.624495 False 1115 416 0
3.641445 False 1100 412 0
3.658398 False 1084 406 0
3.675351 False 1067 399 0
3.692338 False 1056 395 0
3.709297 False 1044 393 0
3.726247 False 1029 389 0
3.743197 False 1016 385 0
3.760147 False 1005 383 0
3.777094 False 996 381 0
3.794048 False 996 381 0
3.810996 False 996 381 0
3.827948 False 996 381 0
3.84502 False 995 380 0
3.862985 False 992 378 0
3.879939 False 992 378 0
3.896891 False 992 378 0
3.913839 False 992 378 0
3.930792 False 992 378 0
3.948586 False 991 378 0
3.965544 False 991 378 0
3.9825 False 991 378 0
3.999445 False 991 378 0
4.016406 False 991 378 0
4.03336 False 991 378 0
4.050311 False 991 378 0
4.06727 False 991 378 0
4.084218 True 991 378 0
4.101189 False 991 378 0
4.118143 False 991 378 0
4.135093 False 991 378 0
4.15204 False 991 378 0
4.169002 False 991 378 0
4.185943 False 991 378 0
4.202909 False 991 378 0
4.226349 False 991 378 0
4.243877 False 991 378 0
4.260828 False 991 378 0
4.283356 False 991 378 0
4.300642 False 991 378 0
4.317619 False 991 378 0
4.340384 False 991 378 0
4.357337 False 991 379 0
4.374288 False 998 384 0
4.397783 False 1040 414 0
4.415343 False 1062 430 0
4.432292 False 1123 478 0
4.449244 False 1227 537 0
4.466201 False 1294 578 0
4.483154 False 1345 611 0
4.5001 False 1388 637 0
4.517061 False 1412 653 0
4.534014 False 1425 660 0
4.550984 False 1428 662 0
4.567933 False 1428 662 0
4.584883 False 1428 662 0
4.601832 False 1429 662 0
4.618787 False 1429 663 0
4.635742 False 1431 664 0
4.653286 False 1433 667 0
4.670238 False 1438 670 0
4.687187 False 1450 678 0
4.704144 False 1466 687 0
4.7211 False 1480 694 0
4.738048 False 1499 703 0
4.755013 False 1511 709 0
4.771963 False 1518 712 0
4.788941 False 1519 712 0
4.805893 False 1519 712 0
4.82284 False 1519 712 0
4.839789 True 1519 712 0
4.85674 False 1519 712 0
4.874211 False 1519 712 0
4.891164 False 1520 712 0
4.908221 False 1520 712 0
4.925173 False 1520 712 0
4.942122 False 1520 712 0
4.959074 False 1520 712 0
4.976026 False 1520 712 0
4.992972 False 1520 712 0
5.009922 False 1520 712 0
5.026872 False 1520 712 0
5.043822 False 1520 712 0
5.061208 False 1520 712 0
5.078664 False 1512 706 0
5.095616 False 1493 690 0
5.112571 False 1460 662 0
5.129538 False 1371 605 0
5.146488 False 1290 553 0
5.163437 False 1213 511 0
5.180388 False 1120 464 0
5.197338 False 1021 403 0
5.214296 False 937 365 0
5.231262 False 869 338 0
5.248212 False 851 329 0
5.265161 False 846 327 0
5.282111 False 846 327 0
5.299078 False 846 327 0
5.316025 False 846 327 0
5.332981 False 846 327 0
5.34993 False 845 327 0
5.366886 False 844 325 0
5.383847 False 844 325 0
5.400801 False 844 325 0
5.417747 False 844 325 0
5.43471 False 844 325 0
5.451663 False 843 324 0
5.468616 False 841 323 0
5.485584 False 841 323 0
5.502533 False 841 323 0
5.519483 False 841 323 0
5.536438 False 841 323 0
5.55339 False 841 323 0
5.570357 False 841 323 0
5.587645 False 841 323 0
5.605255 False 841 323 0
5.622205 False 841 323 0
5.639163 False 841 323 0
5.662213 True 841 323 0
5.679166 False 841 323 0
5.696131 False 841 323 0
5.717016 False 841 323 0
5.733969 False 841 323 0
5.750918 False 841 323 0
5.767865 False 841 323 0
5.784945 False 841 323 0
5.80213 False 841 323 0
5.81908 False 841 323 0
5.83603 False 841 323 0
5.852998 False 841 323 0
5.869946 False 841 323 0
5.886909 False 841 323 0
5.903856 False 841 323 0
5.920811 False 841 323 0
5.937758 False 846 324 0
5.954712 False 855 325 0
5.971663 False 867 326 0
5.989065 False 880 322 0
6.006007 False 890 313 0
6.023258 False 894 307 0
6.040252 False 896 285 0
6.0572 False 896 265 0
6.074151 False 891 234 0
6.091105 False 880 205 0
6.108054 False 872 190 0
6.125005 False 866 182 0
6.141951 False 860 172 0
6.15891 False 854 159 0
6.175886 False 849 150 0
6.192868 False 846 144 0
6.209813 False 843 139 0
6.226764 False 838 128 0
6.244191 False 834 115 0
6.261149 False 833 107 0
6.278096 False 833 107 0
6.295047 False 833 107 0
6.312016 False 833 107 0
6.328966 False 833 107 0
6.345921 True 833 107 0
6.362864 False 833 107 0
6.379819 False 833 107 0
6.396773 False 833 107 0
6.414389 False 833 107 0
6.431354 False 833 107 0
6.448334 False 833 107 0
6.465281 False 833 107 0
6.482232 False 833 107 0
6.499675 False 833 107 0
6.516622 False 833 107 0
6.533587 False 833 107 0
6.550555 False 833 107 0
6.567507 False 833 107 0
6.584545 False 834 107 0
6.60149 False 840 117 0
6.618444 False 846 127 0
6.63558 False 850 133 0
6.652533 False 862 154 0
6.669479 False 874 174 0
6.686563 False 902 207 0
6.703901 False 953 265 0
6.720853 False 973 284 0
6.737819 False 988 298 0
6.754776 False 998 309 0
6.77175 False 1004 316 0
6.788697 False 1011 322 0
6.805648 False 1015 325 0
6.822601 False 1020 329 0
6.839543 False 1029 341 0
6.857058 False 1032 345 0
6.874007 False 1040 351 0
6.89096 False 1041 354 0
6.907923 False 1042 356 0
6.925343 False 1045 360 0
6.942295 False 1053 372 0
6.959287 False 1061 380 0
6.97624 False 1066 386 0
6.996863 False 1070 393 0
7.01411 False 1072 395 0
7.031071 False 1073 399 0
7.048028 False 1075 401 0
7.064977 False 1076 402 0
7.081925 False 1077 404 0
7.098886 False 1078 405 0
7.115844 False 1080 409 0
7.132793 False 1081 410 0
7.149748 False 1081 410 0
7.166714 False 1081 410 0
7.183661 False 1081 410 0
7.200617 True 1081 410 0
7.217562 False 1081 410 0
7.234586 False 1081 410 0
7.251535 False 1081 410 0
7.268494 False 1081 410 0
7.285448 False 1081 410 0
7.302392 False 1081 410 0
7.319369 False 1081 410 0
7.336314 False 1081 410 0
7.353271 False 1081 410 0
7.370219 False 1081 410 0
7.387177 False 1081 410 0
7.404131 False 1081 410 0
7.42109 False 1081 410 0
7.438033 False 1081 410 0
7.454998 False 1079 411 0
7.471953 False 1074 418 0
7.488925 False 1065 432 0
7.505872 False 1045 453 0
7.522821 False 1025 472 0
7.539767 False 1001 502 0
7.556893 False 970 542 0
7.573841 False 943 572 0
7.591649 False 930 582 0
7.608598 False 922 590 0
7.625552 False 921 591 0
7.642504 False 921 591 0
7.659449 False 921 591 0
7.676405 False 921 591 0
7.693378 False 921 591 0
7.710324 False 921 591 0
7.7273 False 918 586 0
7.744248 False 916 579 0
7.761193 False 910 560 0
7.778212 False 908 552 0
7.795183 False 908 550 0
7.812133 False 908 549 0
7.829084 False 907 548 0
7.846033 False 907 548 0
7.862984 False 907 548 0
7.879936 False 907 548 0
7.896882 False 907 548 0
7.913841 False 907 548 0
7.930785 False 907 548 0
7.947738 False 907 548 0
7.96468 False 907 548 0
7.981629 False 907 548 0
7.998969 False 907 548 0
8.015948 False 907 548 0
8.032906 False 907 548 0
8.050538 False 907 548 0
8.067791 False 907 548 0
8.084754 False 907 548 0
8.101715 False 907 548 0
8.118666 False 907 548 0
8.135674 False 907 548 0
8.152624 False 907 548 0
8.169578 False 909 551 0
8.186526 False 912 555 0
8.203473 False 917 562 0
8.220428 False 918 564 0
8.237375 False 920 565 0
8.254324 False 920 565 0
8.271275 True 920 565 0
8.288224 False 920 565 0
8.306309 False 921 565 0
8.323262 False 921 565 0
8.340216 False 921 565 0
8.357163 False 921 565 0
8.374112 False 921 565 0
8.391477 False 921 565 0
8.408438 False 921 565 0
8.425681 False 921 565 0
8.442858 False 921 565 0
8.459812 False 921 565 0
8.476769 False 921 565 0
8.493725 False 923 567 0
8.510674 False 931 577 0
8.527619 False 947 588 0
8.544579 False 967 606 0
8.561526 False 987 621 0
8.578668 False 998 627 0
8.595687 False 1003 629 0
8.612644 False 1004 629 0
8.629623 False 1005 628 0
8.646566 False 1005 624 0
8.663522 False 1006 618 0
8.680539 False 1008 614 0
8.697536 False 1010 610 0
8.714499 False 1013 606 0
8.731465 False 1014 604 0
8.748409 False 1015 603 0
8.76536 False 1016 599 0
8.782325 False 1017 597 0
8.799377 False 1017 596 0
8.816333 False 1018 596 0
8.833284 False 1018 596 0
8.850238 False 1018 596 0
8.867184 False 1018 596 0
8.884136 False 1018 596 0
8.901095 False 1018 596 0
8.918044 False 1018 596 0
8.935016 False 1018 596 0
8.951964 False 1018 596 0
8.968916 False 1018 596 0
8.985884 False 1018 596 0
9.002825 True 1018 596 0
9.020277 False 1018 596 0
9.037239 False 1018 596 0
9.054194 False 1018 596 0
9.071155 False 1018 596 0
9.088105 False 1018 596 0
9.105056 False 1018 596 0
9.122005 False 1018 596 0
9.138972 False 1018 596 0
9.155922 False 1018 596 0
9.17288 False 1018 596 0
9.189831 False 1023 597 0
9.206784 False 1031 600 0
9.223734 False 1048 604 0
9.240691 False 1071 606 0
9.257643 False 1076 606 0
9.274601 False 1077 606 0
9.291552 False 1077 606 0
9.308528 False 1077 606 0
9.325477 False 1077 606 0
9.342496 False 1077 606 0
9.359447 False 1079 607 0
9.376396 False 1080 607 0
9.393345 False 1086 607 0
9.410332 False 1094 608 0
9.427286 False 1099 609 0
9.444234 False 1100 609 0
9.461187 False 1100 609 0
9.478129 False 1102 609 0
9.49508 False 1103 609 0
9.512035 False 1105 610 0
9.530263 True 1106 610 0
9.567231 False 1106 611 0
9.587796 False 1107 611 0
9.604753 False 1107 611 0
9.621699 False 1107 611 0
9.640358 False 1107 611 0
9.657313 False 1107 611 0
9.674269 False 1107 611 0
9.69121 False 1108 611 0
9.708468 False 1108 610 0
9.725447 False 1108 609 0
9.742393 False 1109 607 0
9.759354 False 1109 604 0
9.776314 False 1107 596 0
9.793291 False 1101 582 0
9.810239 False 1095 564 0
9.827186 False 1084 522 0
9.844139 False 1074 487 0
9.861095 False 1060 447 0
9.878049 False 1038 401 0
9.895017 False 1012 358 0
9.912375 False 997 340 0
9.929446 False 988 326 0
9.946443 False 987 321 0
9.963391 False 986 321 0
9.980361 False 986 319 0
9.99731 False 986 319 0
10.01426 False 986 319 0
10.03121 False 983 315 0
10.04856 False 982 312 0
10.06555 False 980 311 0
10.08251 False 979 306 0
10.09947 False 976 292 0
10.11642 False 972 278 0
10.13337 False 969 263 0
10.15032 False 968 256 0
10.16727 False 967 245 0
10.18422 False 967 231 0
10.20119 False 967 221 0
10.21813 False 967 214 0
10.23508 False 967 214 0
10.25203 False 967 213 0
10.269 False 967 213 0
10.28595 False 967 211 0
10.30297 True 967 210 0
10.31992 False 968 210 0
10.33687 False 968 210 0
10.35383 False 968 210 0
10.37077 False 968 210 0
10.38777 False 968 210 0
10.40472 False 968 210 0
10.42167 False 968 210 0
10.43862 False 968 210 0
10.45559 False 968 210 0
10.47256 False 968 210 0
10.48951 False 969 210 0
10.50646 False 969 210 0
10.52341 False 969 210 0
10.54036 False 968 214 0
10.55731 False 963 227 0
10.57452 False 960 256 0
10.59148 False 936 347 0
10.60845 False 895 439 0
10.62562 False 862 512 0
10.64257 False 834 574 0
10.65952 False 811 608 0
10.67651 False 799 622 0
10.69346 False 790 630 0
10.71041 False 788 631 0
10.72786 False 787 632 0
10.74483 False 787 633 0
10.76179 False 788 634 0
10.77874 False 788 634 0
10.80031 False 788 635 0
10.81762 False 788 635 0
10.83457 False 788 635 0
10.85152 False 788 637 0
10.86899 False 782 653 0
10.88595 False 777 660 0
10.90292 False 767 672 0
10.91987 False 762 675 0
10.93682 False 762 675 0
10.95377 False 762 675 0
10.97073 True 762 675 0
10.9905 False 762 675 0
11.00813 False 762 675 0
11.0251 False 762 675 0
11.04206 False 762 675 0
11.059 False 762 675 0
11.07597 False 762 675 0
11.09291 False 762 675 0
11.1099 False 762 676 0
11.12684 False 762 676 0
11.1438 False 762 676 0
11.16074 False 762 676 0
11.17773 False 762 676 0
11.19469 False 766 680 0
11.21164 False 781 690 0
11.22865 False 804 700 0
11.24559 False 834 708 0
11.26254 False 859 712 0
11.27949 False 862 713 0
11.29644 False 863 713 0
11.31339 False 867 710 0
11.33034 False 884 694 0
11.3473 False 910 667 0
11.36426 False 927 635 0
11.3812 False 947 602 0
11.39815 False 960 579 0
11.41513 False 965 562 0
11.43208 False 965 555 0
11.44903 False 963 550 0
11.46597 False 960 544 0
11.48292 False 956 539 0
11.49987 False 947 531 0
11.51682 False 931 519 0
11.53377 False 917 512 0
11.55072 False 905 506 0
11.56829 False 899 505 0
11.58561 False 897 503 0
11.60257 False 894 501 0
11.61952 False 892 496 0
11.63647 False 891 492 0
11.65343 False 891 482 0
11.67038 False 891 476 0
11.68783 False 892 472 0
11.70482 False 893 470 0
11.72176 False 894 468 0
11.73871 False 895 467 0
11.75567 False 896 466 0
11.77262 False 897 465 0
11.78957 False 897 465 0
11.80653 False 897 465 0
11.8235 False 897 465 0
11.84045 False 898 465 0
11.8574 False 900 465 0
11.87435 False 902 465 0
11.89133 False 902 465 0
11.90828 False 902 465 0
11.92532 False 902 465 0
11.94227 False 904 465 0
11.95922 False 905 463 0
11.97617 False 906 462 0
11.99312 False 907 461 0
12.01007 False 907 461 0
12.02702 False 907 461 0
12.04397 False 907 459 0
12.06092 False 907 459 0
12.07786 True 909 458 0
12.09527 False 909 458 0
12.11223 False 909 458 0
12.12917 False 909 458 0
12.14613 False 909 458 0
12.16359 False 909 458 0
12.18054 False 909 458 0
12.19749 False 909 458 0
12.21495 False 909 458 0
12.23194 False 909 458 0
12.24889 False 909 458 0
12.26585 False 909 458 0
12.28282 False 909 458 0
12.29976 False 909 458 0
12.31671 False 910 458 0
12.33371 False 911 458 0
12.35067 False 921 471 0
12.36761 False 927 484 0
12.38456 False 934 505 0
12.40151 False 945 538 0
12.41847 False 964 588 0
12.43569 False 977 632 0
12.45265 False 985 667 0
12.4696 False 994 703 0
12.48654 False 997 716 0
12.50349 False 998 722 0
12.52044 False 998 723 0
12.53739 False 998 723 0
12.55434 False 998 723 0
12.57131 False 998 723 0
12.58826 False 998 723 0
12.60522 False 998 723 0
12.62216 False 998 723 0
12.63911 False 998 723 0
12.6561 False 997 724 0
12.67304 False 995 725 0
12.68999 False 985 734 0
12.70694 False 977 740 0
12.72389 False 969 747 0
12.74085 False 963 752 0
12.75779 False 958 755 0
12.7756 False 958 755 0
12.79255 True 958 755 0
12.80949 False 958 755 0
12.82645 False 958 755 0
12.84339 False 958 755 0
12.86035 False 958 755 0
12.87729 False 958 755 0
12.89427 False 958 755 0
12.91122 False 958 755 0
12.92817 False 958 755 0
12.94512 False 958 755 0
12.96207 False 959 751 0
12.97902 False 960 747 0
12.99599 False 963 740 0
13.01295 False 974 730 0
13.02991 False 997 713 0
13.04685 False 1039 673 0
13.06383 False 1059 651 0
13.08079 False 1076 623 0
13.09774 False 1087 591 0
13.1147 False 1093 566 0
13.13166 False 1093 547 0
13.1486 False 1086 526 0
13.16555 False 1078 514 0
13.1825 False 1070 505 0
13.19945 False 1065 498 0
13.21641 False 1060 491 0
13.23337 False 1053 480 0
13.25031 False 1048 472 0
13.26727 False 1045 465 0
13.28422 False 1043 458 0
13.30117 False 1042 449 0
13.31813 False 1041 433 0
13.33509 False 1043 423 0
13.35208 False 1045 417 0
13.37029 False 1046 411 0
13.38724 False 1047 406 0
13.4042 False 1049 401 0
13.42114 False 1051 396 0
13.43831 False 1052 392 0
13.45526 False 1054 390 0
13.47222 False 1054 390 0
13.48917 False 1054 384 0
13.50613 False 1054 376 0
13.52616 False 1055 362 0
13.54354 False 1057 357 0
13.56049 False 1057 355 0
13.57745 False 1057 355 0
13.59545 True 1058 354 0
13.6124 False 1058 354 0
13.62938 False 1058 354 0
13.64633 False 1058 353 0
13.66328 False 1058 353 0
13.68023 False 1058 353 0
13.69717 False 1058 353 0
13.71413 False 1058 353 0
13.73108 False 1058 353 0
13.74804 False 1058 353 0
13.76502 False 1058 353 0
13.78197 False 1058 353 0
13.79893 False 1058 353 0
13.81588 False 1058 353 0
13.83336 False 1058 353 0
13.8503 False 1059 353 0
13.86736 False 1059 354 0
13.8843 False 1057 360 0
13.90126 False 1050 381 0
13.91821 False 1041 407 0
13.93516 False 1011 443 0
13.95254 False 991 458 0
13.96948 False 971 469 0
13.98643 False 956 479 0
14.00338 False 942 487 0
14.02033 False 921 497 0
14.03728 False 905 504 0
14.05424 False 882 512 0
14.07118 False 861 520 0
14.08813 False 842 522 0
14.10515 False 823 524 0
14.12212 False 807 530 0
14.13908 False 802 532 0
14.15603 False 799 533 0
14.17299 False 797 535 0
14.18993 False 796 535 0
14.20694 False 794 536 0
14.22388 False 794 536 0
14.24084 False 794 536 0
14.25778 False 794 536 0
14.27473 False 794 536 0
14.29169 False 794 536 0
14.30863 False 794 536 0
14.3256 False 792 536 0
14.34257 False 791 538 0
14.35951 False 787 539 0
14.37646 False 776 539 0
14.39374 False 756 539 0
14.41069 False 749 540 0
14.42763 False 746 540 0
14.44458 False 746 540 0
14.46154 True 746 540 0
14.47849 False 746 540 0
14.49544 False 746 540 0
14.5124 False 746 540 0
14.52937 False 746 540 0
14.54632 False 746 540 0
14.56327 False 746 540 0
14.58023 False 746 540 0
14.59718 False 746 540 0
14.61415 False 746 540 0
14.6311 False 746 540 0
14.64806 False 747 540 0
14.66501 False 752 537 0
14.68197 False 759 532 0
14.69899 False 766 526 0
14.71594 False 775 512 0
14.73289 False 776 505 0
14.74984 False 778 487 0
14.76679 False 781 467 0
14.78374 False 782 439 0
14.80069 False 782 427 0
14.81764 False 778 419 0
14.83459 False 773 408 0
14.85154 False 771 404 0
14.86849 False 769 400 0
14.88546 False 769 400 0
14.90242 False 769 399 0
14.91955 False 768 398 0
14.93634 False 765 392 0
14.95328 False 762 387 0
14.97023 False 760 385 0
14.98718 False 757 382 0
15.00414 False 752 378 0
15.02109 False 746 371 0
15.03804 False 741 366 0
15.05499 False 735 362 0
15.07241 False 729 356 0
15.08988 False 725 352 0
15.10683 False 724 350 0
15.12378 False 724 349 0
15.14073 False 724 349 0
15.15768 False 724 349 0
15.17464 False 723 348 0
15.19159 False 722 345 0
15.20855 False 722 343 0
15.22551 False 722 342 0
15.24245 True 722 341 0
15.2594 False 722 341 0
15.27636 False 722 341 0
15.29333 False 722 341 0
15.31028 False 722 341 0
15.32724 False 722 341 0
15.34419 False 722 341 0
15.36114 False 722 341 0
15.37809 False 722 341 0
15.39506 False 722 341 0
15.41201 False 722 341 0
15.42896 False 722 340 0
15.44662 False 726 339 0
15.46357 False 730 337 0
15.48051 False 736 335 0
15.49746 False 751 326 0
15.51443 False 768 317 0
15.53137 False 789 306 0
15.54832 False 808 299 0
15.56527 False 824 293 0
15.58222 False 837 289 0
15.59917 False 845 286 0
15.61614 False 849 286 0
15.63309 False 852 287 0
15.65006 False 853 288 0
15.66701 False 855 289 0
15.68399 False 856 292 0
15.70095 False 857 296 0
15.7179 False 857 302 0
15.73493 False 857 306 0
15.75193 False 854 312 0
15.76895 False 850 317 0
15.78589 False 848 321 0
15.80284 False 846 322 0
15.81979 False 844 323 0
15.83674 False 842 325 0
15.85369 False 841 326 0
15.87064 False 840 327 0
15.88759 False 839 328 0
15.90454 False 839 328 0
15.92149 False 839 328 0
15.93849 True 839 328 0
15.95544 False 839 328 0
15.97238 False 839 328 0
15.98934 False 839 328 0
16.00629 False 839 328 0
16.02324 False 839 328 0
16.05122 False 839 328 0
16.06818 False 839 328 0
16.08513 False 839 328 0
16.10628 False 839 328 0
16.12323 False 839 328 0
16.14018 False 839 328 0
16.15713 False 839 328 0
16.17408 False 839 328 0
16.19103 False 839 328 0
16.20798 False 839 328 0
16.22493 False 844 334 0
16.24188 False 855 349 0
16.25883 False 874 383 0
16.27653 False 901 443 0
16.2935 False 920 508 0
16.31045 False 946 600 0
16.32741 False 953 641 0
16.34436 False 957 669 0
16.3613 False 963 688 0
16.37826 False 966 701 0
16.39521 False 966 707 0
16.41216 False 966 712 0
16.42911 False 966 715 0
16.44608 False 967 715 0
16.46304 False 968 719 0
16.48001 False 970 724 0
16.49696 False 971 727 0
16.51391 False 971 728 0
16.53087 False 971 730 0
16.54807 False 973 734 0
16.56502 False 974 740 0
16.58199 False 975 748 0
16.59894 False 975 752 0
16.61589 False 975 756 0
16.63284 False 975 757 0
16.64979 False 975 757 0
16.66674 False 975 757 0
16.68371 True 975 757 0
16.70065 False 975 757 0
16.71761 False 975 757 0
16.73459 False 975 757 0
16.75154 False 975 757 0
16.76853 False 975 757 0
16.78549 False 975 757 0
16.80246 False 975 757 0
16.81939 False 975 757 0
16.83638 False 975 757 0
16.85332 False 975 757 0
16.87027 False 975 757 0
16.88721 False 975 757 0
16.90512 False 975 757 0
16.92211 False 975 755 0
16.93909 False 960 723 0
16.95604 False 945 694 0
16.97299 False 929 661 0
16.98997 False 916 615 0
17.00692 False 899 577 0
17.02387 False 880 547 0
17.04082 False 868 530 0
17.05829 False 853 505 0
17.07524 False 844 491 0
17.09219 False 835 474 0
17.10914 False 822 456 0
17.1261 False 806 442 0
17.1431 False 792 432 0
17.16004 False 786 429 0
17.177 False 782 426 0
17.19395 False 776 421 0
17.21091 False 771 414 0
17.22786 False 768 402 0
17.24481 False 760 390 0
17.26178 False 753 383 0
17.27873 False 743 376 0
17.29569 False 732 364 0
17.31266 False 723 351 0
17.32961 False 721 349 0
17.34656 False 721 348 0
17.36351 False 720 347 0
17.38046 False 719 345 0
17.39742 False 717 342 0
17.41437 False 716 337 0
17.43132 False 716 335 0
17.44829 True 716 335 0
17.46612 False 716 335 0
17.48307 False 716 335 0
17.50054 False 716 335 0
17.51748 False 716 335 0
17.53444 False 716 335 0
17.5514 False 716 335 0
17.56835 False 716 335 0
17.5853 False 716 335 0
17.60227 False 716 335 0
17.61923 False 716 335 0
17.63618 False 716 335 0
17.65316 False 716 335 0
17.6701 False 716 335 0
17.68764 False 719 331 0
17.70457 False 727 325 0
17.72152 False 748 318 0
17.73848 False 773 316 0
17.75542 False 803 313 0
17.77286 False 834 310 0
17.7898 False 869 308 0
17.80675 False 912 306 0
17.8237 False 930 307 0
17.84065 False 946 308 0
17.8576 False 962 308 0
17.87455 False 984 306 0
17.89203 False 1008 305 0
17.90899 False 1012 305 0
17.92594 False 1012 305 0
17.9429 False 1012 305 0
17.95985 False 1012 305 0
17.97682 False 1012 308 0
17.99377 False 1012 312 0
18.01071 False 1012 317 0
18.02767 False 1011 322 0
18.04461 False 1011 327 0
18.06157 False 1012 330 0
18.07853 False 1014 333 0
18.09549 False 1016 335 0
18.11243 False 1019 337 0
18.12939 False 1023 340 0
18.14635 False 1031 346 0
18.1633 False 1041 352 0
18.18025 False 1042 352 0
18.19721 False 1043 353 0
18.21417 False 1043 353 0
18.23111 False 1043 353 0
18.24807 False 1044 354 0
18.26505 False 1046 356 0
18.28201 False 1046 356 0
18.29895 True 1046 356 0
18.3159 False 1046 356 0
18.33286 False 1046 356 0
18.34984 False 1046 356 0
18.36679 False 1046 356 0
18.38373 False 1046 356 0
18.40068 False 1046 356 0
18.41763 False 1046 356 0
18.43458 False 1046 356 0
18.45153 False 1046 356 0
18.46848 False 1046 356 0
18.48544 False 1046 356 0
18.50241 False 1046 356 0
18.51936 False 1046 356 0
18.53634 False 1046 356 0
18.55329 False 1046 357 0
18.57024 False 1047 368 0
18.58719 False 1044 386 0
18.60419 False 1037 409 0
18.62114 False 1028 459 0
18.63809 False 1010 555 0
18.65504 False 1001 585 0
18.67199 False 997 603 0
18.68895 False 995 614 0
18.70589 False 994 620 0
18.72284 False 994 621 0
18.73982 False 994 621 0
18.75677 False 994 621 0
18.7742 False 994 621 0
18.79139 False 994 621 0
18.80913 False 994 621 0
18.82608 False 995 621 0
18.84303 False 996 622 0
18.85998 False 997 623 0
18.87692 False 999 624 0
18.8945 False 1001 626 0
18.91144 False 1003 626 0
18.92839 False 1006 626 0
18.94534 False 1008 625 0
18.96229 False 1009 623 0
18.97924 False 1011 621 0
18.99619 False 1012 617 0
19.01314 False 1013 614 0
19.03009 False 1013 611 0
19.04704 False 1013 610 0
19.06399 False 1013 610 0
19.08094 False 1014 609 0
19.09789 True 1015 609 0
19.11484 False 1015 609 0
19.13179 False 1015 609 0
19.14874 False 1015 609 0
19.16569 False 1015 609 0
19.18265 False 1015 609 0
19.19959 False 1015 609 0
19.21655 False 1015 609 0
19.23351 False 1015 609 0
19.25047 False 1015 609 0
19.26741 False 1015 609 0
19.28465 False 1015 609 0
19.3016 False 1015 609 0
19.31855 False 1015 609 0
19.3355 False 1015 609 0
19.35245 False 1012 603 0
19.3694 False 1007 595 0
19.38635 False 997 579 0
19.4033 False 976 524 0
19.42025 False 952 462 0
19.4372 False 929 396 0
19.45419 False 919 353 0
19.47113 False 911 314 0
19.4881 False 907 273 0
19.50505 False 904 232 0
19.522 False 902 214 0
19.53898 False 899 202 0
19.55596 False 896 194 0
19.57291 False 893 186 0
19.58985 False 890 182 0
19.6068 False 889 182 0
19.62376 False 889 182 0
19.6407 False 889 182 0
19.65765 False 886 178 0
19.6746 False 876 169 0
19.69156 False 869 162 0
19.7085 False 861 155 0
19.72545 False 857 149 0
19.7424 False 852 142 0
19.75935 False 847 134 0
19.7763 False 845 129 0
19.79326 False 843 127 0
19.81021 False 843 127 0
19.82716 False 843 127 0
19.84412 True 843 127 0
19.86107 False 843 126 0
19.87802 False 843 126 0
19.89571 False 843 126 0
19.91326 False 843 126 0
19.93021 False 843 126 0
19.94784 False 843 126 0
19.96478 False 843 126 0
19.98174 False 843 126 0
19.99869 False 843 126 0
20.01567 False 843 126 0
20.03262 False 844 126 0
20.04957 False 850 129 0
20.06652 False 861 136 0
20.08347 False 873 147 0
20.10045 False 890 161 0
20.1174 False 920 185 0
20.13435 False 938 193 0
20.1513 False 986 216 0
20.16848 False 1016 229 0
20.18543 False 1041 238 0
20.20237 False 1061 251 0
20.21932 False 1076 269 0
20.23627 False 1087 291 0
20.25322 False 1094 329 0
20.27017 False 1096 348 0
20.28713 False 1097 352 0
20.30488 False 1097 355 0
20.32183 False 1096 358 0
20.33878 False 1095 364 0
20.35578 False 1092 375 0
20.37276 False 1089 380 0
20.38971 False 1086 383 0
20.40666 False 1082 387 0
20.42361 False 1078 396 0
20.44056 False 1076 410 0
20.45751 False 1076 415 0
20.47446 False 1074 419 0
20.49145 False 1073 422 0
20.50839 False 1072 423 0
20.52534 False 1072 425 0
20.54229 False 1072 425 0
20.55925 False 1072 425 0
20.57619 False 1072 425 0
20.59314 False 1072 425 0
20.61009 False 1072 425 0
20.62704 False 1072 425 0
20.64399 False 1072 425 0
20.66093 False 1072 425 0
20.67788 False 1072 425 0
20.69483 False 1072 425 0
20.71224 False 1072 425 0
20.72921 False 1072 425 0
20.74619 False 1072 425 0
20.76314 False 1072 425 0
20.78008 False 1072 425 0
20.79704 False 1072 425 0
20.81451 False 1072 424 0
20.83146 False 1072 423 0
20.84841 False 1072 421 0
20.86536 False 1072 417 0
20.88268 False 1072 414 0
20.89962 True 1072 413 0
20.91657 False 1072 413 0
20.93353 False 1072 413 0
20.95047 False 1072 413 0
20.96742 False 1072 413 0
20.98437 False 1072 413 0
21.00181 False 1072 413 0
21.01881 False 1072 413 0
21.03578 False 1072 412 0
21.05273 False 1072 412 0
21.06968 False 1072 412 0
21.08663 False 1072 412 0
21.10358 False 1072 412 0
21.12053 False 1071 412 0
21.13749 False 1069 412 0
21.15447 False 1063 413 0
21.17142 False 1049 414 0
21.18837 False 1032 412 0
21.20532 False 1022 407 0
21.22274 False 1009 399 0
21.23969 False 1007 396 0
21.25667 False 1003 388 0
21.27362 False 1001 384 0
21.29057 False 999 382 0
21.30752 False 999 381 0
21.32452 False 999 381 0
21.34196 False 999 381 0
21.35892 False 999 381 0
21.37632 False 999 381 0
21.39331 False 999 381 0
21.41025 False 999 381 0
21.4272 False 999 381 0
21.44415 False 999 381 0
21.4611 False 999 381 0
21.47805 False 999 381 0
21.49503 False 999 381 0
21.51197 True 999 381 0
21.52892 False 999 381 0
21.54592 False 999 381 0
21.56286 False 999 381 0
21.57981 False 999 381 0
21.59676 False 999 381 0
21.61371 False 999 381 0
21.63066 False 999 381 0
21.64761 False 999 381 0
21.66456 False 999 381 0
21.68158 False 999 381 0
21.69853 False 999 381 0
21.71548 False 999 381 0
21.73243 False 999 381 0
21.74938 False 999 381 0
21.76634 False 999 383 0
21.78329 False 1004 391 0
21.80024 False 1010 403 0
21.81719 False 1016 418 0
21.83415 False 1022 436 0
21.85109 False 1036 466 0
21.86804 False 1046 485 0
21.88501 False 1054 497 0
21.90196 False 1061 506 0
21.91891 False 1064 511 0
21.93586 False 1067 519 0
21.9528 False 1068 525 0
21.96976 False 1070 529 0
21.98671 False 1071 531 0
22.00365 False 1072 532 0
22.02061 False 1072 532 0
22.03756 False 1074 535 0
22.05455 False 1075 539 0
22.07151 False 1077 543 0
22.08846 False 1080 549 0
22.10541 False 1084 553 0
22.12235 False 1089 560 0
22.13936 False 1097 570 0
22.15631 False 1102 574 0
22.17326 False 1103 577 0
22.19021 False 1104 578 0
22.20715 False 1105 579 0
22.2241 False 1107 582 0
22.24106 False 1108 584 0
22.25801 False 1108 584 0
22.27495 False 1108 584 0
22.2919 False 1108 584 0
22.30886 False 1108 584 0
22.32584 True 1108 584 0
22.34278 False 1108 584 0
22.35973 False 1108 584 0
22.37668 False 1108 584 0
22.39363 False 1108 584 0
22.41058 False 1108 584 0
22.42753 False 1108 584 0
22.44448 False 1108 584 0
22.46716 False 1108 584 0
22.48412 False 1108 584 0
22.50107 False 1108 584 0
22.51858 False 1108 584 0
22.53554 False 1108 584 0
22.55248 False 1108 584 0
22.56943 False 1108 584 0
22.58689 False 1108 584 0
22.60385 False 1108 584 0
22.6208 False 1111 580 0
22.63777 False 1118 564 0
22.65474 False 1123 550 0
22.67169 False 1129 541 0
22.68865 False 1139 532 0
22.7056 False 1153 526 0
22.72306 False 1169 515 0
22.74001 False 1176 508 0
22.75696 False 1181 501 0
22.77391 False 1185 495 0
22.79086 False 1187 493 0
22.80781 False 1187 493 0
22.82477 False 1188 491 0
22.84176 False 1190 487 0
22.85871 False 1192 482 0
22.87566 False 1196 476 0
22.89264 False 1199 472 0
22.91007 False 1205 465 0
22.92708 False 1210 457 0
22.94401 False 1220 447 0
22.96096 False 1234 439 0
22.97791 False 1254 434 0
22.99487 False 1264 432 0
23.01182 False 1266 431 0
23.02877 False 1266 431 0
23.04572 False 1266 431 0
23.06268 False 1266 431 0
23.07963 True 1266 431 0
23.09657 False 1266 431 0
23.11353 False 1266 431 0
23.13048 False 1266 431 0
23.14742 False 1266 431 0
23.16441 False 1266 431 0
23.18139 False 1266 431 0
23.19834 False 1266 431 0
23.21529 False 1266 431 0
23.23224 False 1266 431 0
23.2492 False 1266 431 0
23.26614 False 1266 431 0
23.2831 False 1266 431 0
23.30005 False 1266 431 0
23.31704 False 1266 431 0
23.334 False 1266 431 0
23.35094 False 1266 431 0
23.36789 False 1273 442 0
23.38484 False 1285 462 0
23.40179 False 1342 539 0
23.41874 False 1396 606 0
23.43569 False 1444 648 0
23.45264 False 1468 666 0
23.46959 False 1487 677 0
23.48654 False 1496 684 0
23.50349 False 1503 692 0
23.52044 False 1507 695 0
23.53739 False 1509 697 0
23.55434 False 1509 698 0
23.57131 False 1509 698 0
23.58828 False 1510 698 0
23.60522 False 1511 700 0
23.62218 False 1511 700 0
23.63913 False 1511 700 0
23.6561 False 1511 700 0
23.67305 False 1511 700 0
23.6905 False 1511 700 0
23.70745 False 1511 700 0
23.72494 False 1511 700 0
23.74189 False 1511 700 0
23.75884 False 1511 700 0
23.77579 True 1511 700 0
23.79274 False 1511 700 0
23.80969 False 1511 700 0
23.82673 False 1511 700 0
23.84373 False 1511 700 0
23.86067 False 1511 700 0
23.87763 False 1511 700 0
23.8946 False 1511 700 0
23.91155 False 1511 700 0
23.92851 False 1503 692 0
23.94546 False 1477 673 0
23.9624 False 1454 660 0
23.97935 False 1419 644 0
23.9963 False 1372 620 0
24.01326 False 1320 594 0
24.03021 False 1279 565 0
24.04716 False 1252 546 0
24.06411 False 1238 538 0
24.08106 False 1236 538 0
24.09802 False 1236 538 0
24.11497 False 1231 534 0
24.13192 False 1215 526 0
24.14888 False 1192 517 0
24.16584 False 1138 508 0
24.18279 False 1089 506 0
24.19974 False 1028 515 0
24.21669 False 975 505 0
24.23408 False 937 488 0
24.25104 False 916 481 0
24.26798 False 914 480 0
24.28493 False 914 479 0
24.30201 False 914 476 0
24.31896 False 916 474 0
24.33594 False 916 473 0
24.35289 False 916 473 0
24.36984 False 916 473 0
24.38679 False 916 472 0
24.40374 False 916 471 0
24.42069 False 917 470 0
24.43764 False 918 468 0
24.45461 False 917 463 0
24.4716 False 914 455 0
24.48854 False 912 450 0
24.50549 False 910 448 0
24.52244 False 909 447 0
24.53939 False 908 444 0
24.55635 False 908 443 0
24.5733 False 907 442 0
24.59025 False 907 442 0
24.60722 False 907 442 0
24.62416 False 907 442 0
24.64111 False 907 442 0
24.65806 False 907 442 0
24.67501 False 907 446 0
24.69197 False 908 449 0
24.70892 False 909 451 0
24.72591 False 911 453 0
24.74286 False 911 455 0
24.75981 False 911 455 0
24.77676 False 911 455 0
24.79378 False 911 455 0
24.81073 False 911 455 0
24.82768 False 911 455 0
24.84464 False 911 455 0
24.86159 False 911 455 0
24.87854 True 911 455 0
24.90135 False 911 455 0
24.91837 False 911 455 0
24.93532 False 911 455 0
24.95229 False 911 455 0
24.96925 False 911 455 0
24.98619 False 911 455 0
25.0035 False 911 455 0
25.02044 False 911 455 0
25.03739 False 911 455 0
25.05434 False 911 455 0
25.07129 False 911 455 0
25.08824 False 912 455 0
25.10537 False 913 455 0
25.12232 False 919 461 0
25.13927 False 920 464 0
25.15625 False 921 466 0
25.17321 False 921 467 0
25.19015 False 916 467 0
25.20711 False 900 465 0
25.22405 False 882 465 0
25.241 False 864 470 0
25.25796 False 845 481 0
25.27491 False 827 494 0
25.29187 False 811 508 0
25.30882 False 792 527 0
25.32623 False 785 536 0
25.34318 False 782 540 0
25.36013 False 781 541 0
25.37708 False 781 542 0
25.39403 False 780 542 0
25.41152 False 779 544 0
25.42847 False 778 545 0
25.4454 False 777 546 0
25.46235 False 775 547 0
25.47931 False 772 547 0
25.49625 False 770 547 0
25.51321 False 769 547 0
25.53015 False 769 547 0
25.5471 False 769 547 0
25.56405 False 769 547 0
25.581 False 769 547 0
25.59795 False 768 547 0
25.6149 True 768 546 0
25.63185 False 768 546 0
25.6488 False 768 546 0
25.66575 False 768 546 0
25.6827 False 768 546 0
25.69965 False 768 546 0
25.7166 False 768 546 0
25.73355 False 768 546 0
25.7505 False 768 546 0
25.76745 False 768 546 0
25.7844 False 768 546 0
25.80175 False 768 544 0
25.8187 False 768 543 0
25.83565 False 767 540 0
25.8526 False 766 539 0
25.86955 False 766 539 0
25.8865 False 766 539 0
25.90348 False 766 544 0
25.92043 False 768 556 0
25.93738 False 769 572 0
25.95433 False 769 592 0
25.97129 False 768 613 0
25.98824 False 762 623 0
26.00518 False 760 630 0
26.02213 False 758 634 0
26.03909 False 757 639 0
26.05603 False 756 643 0
26.073 False 755 645 0
26.08995 False 755 645 0
26.1069 False 755 645 0
26.12386 False 755 645 0
26.14081 False 755 645 0
26.15777 False 755 645 0
26.17472 False 755 645 0
26.19168 False 755 645 0
26.20864 False 755 645 0
26.22561 False 755 645 0
26.24257 False 755 645 0
26.25951 False 755 645 0
26.27645 True 755 645 0
26.29341 False 755 645 0
26.31036 False 755 645 0
26.32731 False 755 645 0
26.34805 False 755 645 0
26.36521 False 755 645 0
26.38221 False 755 645 0
26.39915 False 755 645 0
26.41611 False 755 645 0
26.43305 False 755 645 0
26.45 False 755 645 0
26.46695 False 755 645 0
26.4839 False 756 647 0
26.50136 False 757 648 0
26.51831 False 758 650 0
26.53527 False 763 651 0
26.55225 False 775 652 0
26.56919 False 799 648 0
26.58616 False 833 638 0
26.6031 False 876 618 0
26.62005 False 902 602 0
26.637 False 922 589 0
26.65395 False 931 576 0
26.6709 False 933 569 0
26.68786 False 933 565 0
26.70481 False 932 564 0
26.72176 False 931 564 0
26.73874 False 931 564 0
26.75568 False 931 564 0
26.77264 False 931 564 0
26.78958 False 931 564 0
26.80654 False 930 564 0
26.8235 False 930 564 0
26.84096 False 930 564 0
26.85792 False 930 564 0
26.87489 False 930 564 0
26.89183 False 930 564 0
26.90929 False 930 564 0
26.92627 False 929 564 0
26.94323 False 929 564 0
26.96017 False 928 564 0
26.97712 False 928 564 0
26.99407 True 928 564 0
27.01102 False 928 564 0
27.02798 False 928 564 0
27.04493 False 928 564 0
27.06188 False 928 564 0
27.07883 False 928 564 0
27.0958 False 928 564 0
27.11279 False 928 564 0
27.12978 False 928 564 0
27.14674 False 928 564 0
27.16368 False 928 564 0
27.18063 False 928 564 0
27.1976 False 928 564 0
27.21455 False 928 564 0
27.2315 False 928 564 0
27.24846 False 929 564 0
27.2654 False 931 562 0
27.28239 False 933 555 0
27.29933 False 935 541 0
27.31628 False 935 520 0
27.33369 False 936 489 0
27.35066 False 936 448 0
27.36761 False 943 394 0
27.38456 False 952 361 0
27.40151 False 960 340 0
27.41854 False 966 325 0
27.43549 False 970 316 0
27.45243 False 974 306 0
27.46938 False 975 305 0
27.48633 False 976 303 0
27.50328 False 977 299 0
27.52023 False 977 291 0
27.53719 False 978 284 0
27.55413 False 979 278 0
27.57108 False 979 277 0
27.58803 False 979 274 0
27.60498 False 978 273 0
27.62193 False 977 268 0
27.63888 False 974 261 0
27.65583 False 973 257 0
27.67278 False 972 252 0
27.68973 False 972 250 0
27.70668 False 972 248 0
27.72363 False 972 247 0
27.74058 False 972 246 0
27.75752 True 973 240 0
27.77447 False 974 239 0
27.79143 False 974 238 0
27.80838 False 974 238 0
27.82587 False 974 238 0
27.84281 False 974 238 0
27.85979 False 974 238 0
27.87673 False 974 238 0
27.89368 False 974 238 0
27.91063 False 974 238 0
27.92759 False 974 238 0
27.94454 False 974 238 0
27.96151 False 974 238 0
27.97846 False 974 238 0
27.99542 False 974 238 0
28.01237 False 975 238 0
28.02954 False 977 246 0
28.04648 False 984 271 0
28.06344 False 995 315 0
28.08043 False 1003 345 0
28.09737 False 1006 354 0
28.11433 False 1008 355 0
28.13128 False 1008 355 0
28.14825 False 1008 355 0
28.16521 False 1008 355 0
28.18215 False 1008 355 0
28.1991 False 1008 355 0
28.21605 False 1008 355 0
28.23305 False 1008 357 0
28.25 False 1007 361 0
28.26695 False 1006 363 0
28.2839 False 1004 365 0
28.30085 False 1002 366 0
28.3178 False 1000 371 0
28.33477 False 999 375 0
28.3517 False 997 379 0
28.36865 False 996 381 0
28.38564 False 995 383 0
28.40258 False 995 383 0
28.42007 False 995 383 0
28.43702 False 995 383 0
28.45398 False 995 383 0
28.47094 False 995 383 0
28.48789 False 995 383 0
28.50484 False 995 383 0
28.52213 False 995 383 0
28.53909 False 995 383 0
28.55605 False 995 383 0
28.573 True 995 383 0
28.58995 False 995 383 0
28.60692 False 995 383 0
28.62387 False 995 383 0
28.64083 False 995 383 0
28.65777 False 995 383 0
28.67472 False 995 383 0
28.69167 False 995 383 0
28.70863 False 995 383 0
28.72558 False 995 383 0
28.74255 False 995 383 0
28.75949 False 995 383 0
28.77644 False 995 383 0
28.79341 False 995 383 0
28.81036 False 995 383 0
28.82731 False 997 387 0
28.84426 False 1016 403 0
28.86121 False 1051 427 0
28.87819 False 1110 464 0
28.89514 False 1169 502 0
28.91209 False 1225 548 0
28.92904 False 1284 580 0
28.94599 False 1347 617 0
28.96294 False 1365 625 0
28.97989 False 1403 637 0
28.99735 False 1423 644 0
29.01432 False 1433 649 0
29.03127 False 1436 650 0
29.04822 False 1437 651 0
29.06521 False 1442 655 0
29.08216 False 1445 657 0
29.09911 False 1445 657 0
29.11606 False 1445 657 0
29.13301 False 1445 657 0
29.14996 False 1445 657 0
29.1669 False 1448 659 0
29.18386 False 1456 662 0
29.20081 False 1458 663 0
29.21866 True 1458 663 0
29.23565 False 1458 664 0
29.25259 False 1459 664 0
29.26954 False 1471 667 0
29.2865 False 1511 675 0
29.30345 False 1551 690 0
29.3204 False 1560 694 0
29.33735 False 1561 694 0
29.35429 False 1561 694 0
29.37125 False 1561 694 0
29.3882 False 1561 694 0
29.40515 False 1561 694 0
29.42265 False 1561 694 0
29.43961 False 1561 694 0
29.45656 False 1561 694 0
29.47353 False 1561 694 0
29.49054 False 1561 694 0
29.50748 False 1561 694 0
29.52444 False 1542 688 0
29.54138 False 1470 658 0
29.55834 False 1378 631 0
29.57528 False 1268 605 0
29.59223 False 1149 575 0
29.60918 False 997 507 0
29.62613 False 908 468 0
29.64309 False 851 445 0
29.66004 False 816 423 0
29.67699 False 801 409 0
29.69394 False 797 403 0
29.71089 False 797 402 0
29.72784 False 797 401 0
29.7448 False 793 397 0
29.76178 False 784 390 0
29.77873 False 772 383 0
29.79568 False 765 380 0
29.81263 False 758 375 0
29.82957 False 753 369 0
29.84653 False 740 360 0
29.86348 False 729 353 0
29.8805 False 718 347 0
29.89746 False 710 341 0
29.91441 False 705 336 0
29.93136 False 702 333 0
29.94831 False 701 332 0
29.96526 False 701 332 0
29.98221 False 701 332 0
29.99915 True 701 332 0
30.0161 False 701 332 0
30.03305 False 701 332 0
30.05002 False 701 332 0
30.06699 False 701 332 0
30.08394 False 701 332 0
30.10089 False 701 332 0
30.11784 False 701 332 0
30.13478 False 701 332 0
30.15174 False 701 332 0
30.16869 False 701 332 0
30.18564 False 701 332 0
30.20259 False 701 332 0
30.21954 False 708 335 0
30.23648 False 715 337 0
30.25344 False 720 337 0
30.27039 False 730 334 0
30.28735 False 748 324 0
30.30431 False 781 311 0
30.32126 False 799 306 0
30.33821 False 809 304 0
30.35516 False 813 303 0
30.37296 False 813 303 0
30.38991 False 813 303 0
30.40686 False 813 303 0
30.42382 False 813 303 0
30.44078 False 813 303 0
30.45773 False 813 303 0
30.47468 False 813 303 0
30.49163 False 814 303 0
30.50859 False 817 306 0
30.52555 False 819 307 0
30.5425 False 821 309 0
30.55944 False 825 313 0
30.5764 False 835 324 0
30.59334 False 842 331 0
30.61083 False 844 335 0
30.62777 False 844 336 0
30.64472 False 844 336 0
30.66172 False 844 336 0
30.67867 True 844 336 0
30.69563 False 844 336 0
30.71259 False 844 336 0
30.72953 False 844 336 0
30.74673 False 844 336 0
30.76367 False 844 336 0
30.78062 False 844 336 0
30.79757 False 844 336 0
30.81452 False 844 336 0
30.83171 False 844 336 0
30.84866 False 844 336 0
30.86561 False 844 336 0
30.88256 False 844 336 0
30.89951 False 844 336 0
30.91647 False 844 336 0
30.93371 False 844 336 0
30.95076 False 851 349 0
30.9677 False 859 369 0
30.98466 False 870 407 0
31.00161 False 888 452 0
31.01855 False 910 494 0
31.03573 False 924 522 0
31.05272 False 938 554 0
31.06966 False 948 573 0
31.08661 False 956 590 0
31.10357 False 962 602 0
31.12053 False 964 609 0
31.13747 False 965 620 0
31.15442 False 967 625 0
31.17137 False 968 630 0
31.18832 False 970 636 0
31.20527 False 971 646 0
31.22222 False 972 656 0
31.23917 False 972 667 0
31.25612 False 971 678 0
31.27307 False 970 688 0
31.29002 False 969 697 0
31.30697 False 969 703 0
31.32393 False 971 718 0
31.34088 False 972 724 0
31.35783 False 972 728 0
31.37478 False 972 729 0
31.39174 False 971 730 0
31.40869 False 971 732 0
31.42565 False 969 734 0
31.44263 False 968 736 0
31.45959 False 966 738 0
31.47653 False 965 740 0
31.49348 False 965 741 0
31.51043 False 965 741 0
31.52738 False 965 741 0
31.54433 True 965 741 0
31.56128 False 965 741 0
31.57824 False 965 741 0
31.59519 False 965 741 0
31.61215 False 965 741 0
31.6291 False 965 741 0
31.64605 False 965 741 0
31.66301 False 965 741 0
31.67996 False 965 741 0
31.69693 False 965 741 0
31.71389 False 965 741 0
31.73084 False 965 741 0
31.74779 False 964 741 0
31.76475 False 963 733 0
31.7817 False 963 715 0
31.79865 False 968 697 0
31.81561 False 974 682 0
31.8326 False 988 655 0
31.8496 False 997 635 0
31.86656 False 1006 612 0
31.8835 False 1018 588 0
31.90045 False 1034 570 0
31.91739 False 1053 552 0
31.93435 False 1081 528 0
31.95129 False 1096 515 0
31.96825 False 1109 507 0
31.98521 False 1119 505 0
32.00216 False 1132 503 0
32.0191 False 1153 500 0
32.03605 False 1177 497 0
32.053 False 1197 495 0
32.06995 False 1211 494 0
32.0869 False 1216 491 0
32.10485 False 1218 490 0
32.1218 False 1218 490 0
32.13929 False 1218 490 0
32.15634 False 1218 490 0
32.17329 False 1218 490 0
32.19024 False 1218 488 0
32.2072 False 1216 484 0
32.22414 False 1216 480 0
32.24109 False 1216 475 0
32.25804 False 1216 470 0
32.27499 False 1216 468 0
32.29194 False 1216 467 0
32.30889 True 1216 466 0
32.32584 False 1216 466 0
32.34279 False 1216 466 0
32.35974 False 1216 466 0
32.37669 False 1216 466 0
32.39364 False 1216 466 0
32.41059 False 1216 466 0
32.42754 False 1216 466 0
32.44449 False 1216 466 0
32.46144 False 1216 466 0
32.47839 False 1216 466 0
32.49535 False 1216 466 0
32.51229 False 1216 466 0
32.52924 False 1216 466 0
32.54619 False 1216 466 0
32.56314 False 1214 463 0
32.58061 False 1207 459 0
32.59758 False 1197 456 0
32.61452 False 1181 455 0
32.63147 False 1156 462 0
32.64895 False 1085 483 0
32.6659 False 1024 495 0
32.68285 False 966 496 0
32.69982 False 913 499 0
32.71677 False 864 507 0
32.73372 False 836 516 0
32.75123 False 821 529 0
32.76819 False 817 535 0
32.78514 False 816 540 0
32.80209 False 816 544 0
32.81909 False 817 545 0
32.83604 False 817 546 0
32.85299 False 818 547 0
32.86993 False 818 548 0
32.88689 False 822 551 0
32.90384 False 829 554 0
32.92078 False 837 557 0
32.93774 False 843 558 0
32.95469 False 847 559 0
32.97163 False 852 560 0
32.98859 False 859 560 0
33.00554 False 870 560 0
33.02249 False 886 561 0
33.03944 False 905 563 0
33.05692 False 922 567 0
33.0739 False 923 567 0
33.09084 False 923 567 0
33.1078 False 923 567 0
33.12478 False 923 567 0
33.14175 False 923 567 0
33.15869 False 923 567 0
33.17565 False 923 567 0
33.19262 False 923 567 0
33.20957 False 923 567 0
33.22652 False 923 567 0
33.24347 True 923 567 0
33.26041 False 923 567 0
33.27737 False 923 567 0
33.29433 False 923 567 0
33.31129 False 923 567 0
33.32824 False 923 567 0
33.34522 False 923 567 0
33.36217 False 923 567 0
33.37912 False 923 567 0
33.39608 False 923 567 0
33.41302 False 923 567 0
33.42997 False 923 567 0
33.44692 False 923 567 0
33.46388 False 923 567 0
33.48083 False 923 567 0
33.49778 False 923 567 0
33.51474 False 922 567 0
33.53172 False 921 567 0
33.54867 False 916 571 0
33.56562 False 902 576 0
33.58259 False 879 580 0
33.59954 False 841 589 0
33.61649 False 817 596 0
33.63344 False 798 608 0
33.65054 False 787 618 0
33.66832 False 783 623 0
33.68529 False 781 630 0
33.70224 False 781 638 0
33.71991 False 780 645 0
33.73711 False 778 654 0
33.75407 False 776 661 0
33.77112 False 775 666 0
33.78822 False 774 669 0
33.80517 False 771 672 0
33.82212 False 770 673 0
33.83907 False 768 674 0
33.85655 False 767 674 0
33.87365 False 767 674 0
33.89059 False 767 674 0
33.90754 False 767 674 0
33.9245 False 767 674 0
33.94144 True 767 674 0
33.95839 False 767 674 0
33.97534 False 767 674 0
33.99229 False 767 674 0
34.00924 False 767 674 0
34.02619 False 767 674 0
34.04314 False 767 674 0
34.06009 False 767 674 0
34.07749 False 767 674 0
34.09448 False 767 673 0
34.11143 False 768 669 0
34.12838 False 770 665 0
34.14533 False 777 652 0
34.16228 False 784 639 0
34.17962 False 790 627 0
34.19656 False 794 613 0
34.21353 False 802 585 0
34.23048 False 819 561 0
34.24743 False 848 533 0
34.26438 False 867 515 0
34.28135 False 878 503 0
34.29831 False 884 496 0
34.31525 False 887 490 0
34.33224 False 890 482 0
34.34922 False 891 473 0
34.36618 False 892 467 0
34.38313 False 892 463 0
34.40007 False 892 461 0
34.41703 False 893 458 0
34.43399 False 894 450 0
34.45094 False 896 445 0
34.46789 False 897 443 0
34.48484 False 897 442 0
34.50179 False 897 442 0
34.51874 False 897 442 0
34.53569 False 897 442 0
34.5527 False 897 442 0
34.56965 False 897 442 0
34.58663 False 900 443 0
34.6036 False 903 445 0
34.62061 False 906 447 0
34.63756 False 907 448 0
34.6545 False 907 448 0
34.67146 False 907 448 0
34.68864 False 907 448 0
34.70564 False 907 448 0
34.72261 False 907 448 0
34.73956 False 907 448 0
34.75651 False 907 449 0
34.77346 False 907 449 0
34.79057 False 907 449 0
34.80752 False 907 449 0
34.82448 False 907 449 0
34.84143 False 907 449 0
34.85845 False 907 449 0
34.87539 False 907 449 0
34.89278 False 907 449 0
34.90973 False 907 449 0
34.92681 False 907 449 0
34.94376 False 907 449 0
34.96071 False 907 449 0
34.97807 False 907 449 0
34.99503 False 907 449 0
35.01199 False 907 449 0
35.02895 False 907 449 0
35.04591 False 907 449 0
35.06337 False 907 450 0
35.08033 False 907 451 0
35.09728 False 907 451 0
35.11424 False 907 451 0
35.13119 False 907 452 0
35.14817 False 907 454 0
35.16512 False 907 454 0
35.18207 True 907 454 0
35.19902 False 907 454 0
35.21597 False 907 454 0
35.23292 False 907 454 0
35.24987 False 907 454 0
35.26682 False 907 454 0
35.28378 False 907 454 0
35.30073 False 907 454 0
35.31777 False 907 454 0
35.33472 False 907 454 0
35.35167 False 907 454 0
35.36861 False 907 454 0
35.38556 False 907 448 0
35.40251 False 909 438 0
35.41946 False 916 418 0
35.43644 False 929 382 0
35.45339 False 948 334 0
35.47034 False 963 295 0
35.48729 False 974 277 0
35.50424 False 978 269 0
35.52119 False 979 268 0
35.53823 False 979 268 0
35.55517 False 979 268 0
35.57213 False 979 268 0
35.58917 False 979 268 0
35.60612 False 979 268 0
35.62308 False 979 268 0
35.64002 False 979 268 0
35.65697 False 978 267 0
35.67392 False 972 260 0
35.69087 False 965 253 0
35.70782 False 960 243 0
35.72477 False 954 233 0
35.74172 False 950 223 0
35.75867 False 950 223 0
35.77562 False 950 223 0
35.79257 False 950 223 0
35.80952 False 950 223 0
35.82647 True 950 223 0
35.84341 False 951 222 0
35.86037 False 951 222 0
35.87732 False 951 222 0
35.89427 False 951 222 0
35.91122 False 951 222 0
35.92817 False 951 222 0
35.94511 False 951 222 0
35.96212 False 951 222 0
35.97907 False 951 222 0
35.99659 False 951 222 0
36.01353 False 951 222 0
36.03048 False 951 222 0
36.04743 False 951 222 0
36.06438 False 951 222 0
36.08133 False 957 237 0
36.09829 False 965 256 0
36.11523 False 978 289 0
36.13218 False 992 317 0
36.14913 False 1006 337 0
36.16608 False 1020 350 0
36.18303 False 1031 357 0
36.19998 False 1038 362 0
36.21729 False 1049 369 0
36.23424 False 1052 369 0
36.2512 False 1054 371 0
36.26818 False 1057 372 0
36.28513 False 1059 373 0
36.30208 False 1061 374 0
36.31903 False 1064 374 0
36.33598 False 1068 376 0
36.35293 False 1075 381 0
36.36988 False 1080 386 0
36.38683 False 1082 390 0
36.40378 False 1083 395 0
36.42076 False 1084 401 0
36.43774 False 1085 407 0
36.45469 False 1087 412 0
36.47164 False 1088 414 0
36.4886 False 1088 414 0
36.50555 False 1088 414 0
36.52256 False 1088 414 0
36.53949 False 1088 414 0
36.55644 False 1088 414 0
36.57339 False 1088 414 0
36.59034 False 1088 413 0
36.6073 False 1088 413 0
36.62424 False 1088 413 0
36.64119 False 1088 413 0
36.65814 False 1086 411 0
36.67509 False 1086 410 0
36.69204 True 1086 410 0
36.70901 False 1086 410 0
36.72596 False 1086 410 0
36.74291 False 1086 410 0
36.75986 False 1086 410 0
36.77681 False 1086 410 0
36.79377 False 1086 410 0
36.81071 False 1086 410 0
36.82766 False 1086 410 0
36.84462 False 1086 410 0
36.86197 False 1086 417 0
36.87892 False 1088 424 0
36.89591 False 1089 431 0
36.91287 False 1089 435 0
36.92982 False 1084 435 0
36.94677 False 1076 430 0
36.96375 False 1065 422 0
36.9807 False 1053 411 0
36.99765 False 1035 393 0
37.0146 False 992 339 0
37.03155 False 963 305 0
37.04851 False 941 276 0
37.06546 False 925 259 0
37.08241 False 914 245 0
37.09936 False 907 236 0
37.11632 False 897 220 0
37.13329 False 887 203 0
37.15025 False 876 189 0
37.1672 False 868 183 0
37.18415 False 861 177 0
37.20111 False 855 173 0
37.21805 False 855 172 0
37.235 False 855 172 0
37.25198 False 855 172 0
37.26892 False 852 167 0
37.28587 False 845 156 0
37.30281 False 838 144 0
37.3198 False 835 138 0
37.33674 False 832 132 0
37.35369 False 831 128 0
37.37064 False 830 125 0
37.38759 False 830 124 0
37.40454 True 830 123 0
37.42149 False 830 123 0
37.43844 False 830 123 0
37.45539 False 830 123 0
37.47234 False 830 123 0
37.48929 False 830 123 0
37.50624 False 829 123 0
37.52319 False 829 123 0
37.54014 False 829 123 0
37.55711 False 829 123 0
37.57418 False 829 123 0
37.59114 False 829 123 0
37.60809 False 834 128 0
37.62505 False 842 139 0
37.642 False 853 156 0
37.65895 False 876 191 0
37.6759 False 912 245 0
37.69286 False 966 291 0
37.70982 False 987 301 0
37.72677 False 998 306 0
37.74373 False 1010 312 0
37.76068 False 1036 322 0
37.77764 False 1053 328 0
37.79459 False 1066 336 0
37.81155 False 1076 346 0
37.8285 False 1083 353 0
37.84545 False 1088 359 0
37.86242 False 1090 363 0
37.87937 False 1090 363 0
37.89632 False 1090 363 0
37.91328 False 1089 364 0
37.93023 False 1089 364 0
37.94718 False 1089 364 0
37.96414 False 1089 364 0
37.98109 False 1089 364 0
37.99804 False 1086 364 0
38.015 False 1080 363 0
38.03195 False 1074 362 0
38.04891 False 1070 360 0
38.06587 False 1067 358 0
38.08282 False 1066 358 0
38.09977 False 1066 357 0
38.11672 False 1066 357 0
38.13369 False 1066 357 0
38.15064 False 1064 357 0
38.16759 False 1063 357 0
38.18454 False 1063 357 0
38.20149 False 1063 357 0
38.21901 False 1063 357 0
38.23596 True 1063 357 0
38.25293 False 1063 357 0
38.26988 False 1063 357 0
38.28683 False 1063 357 0
38.30378 False 1063 357 0
38.32073 False 1063 357 0
38.33769 False 1063 357 0
38.35465 False 1063 357 0
38.3716 False 1064 358 0
38.38855 False 1068 364 0
38.40551 False 1072 374 0
38.42246 False 1080 405 0
38.43941 False 1081 429 0
38.45637 False 1080 447 0
38.47332 False 1076 464 0
38.49029 False 1065 486 0
38.50724 False 1048 511 0
38.52421 False 1010 540 0
38.54118 False 980 549 0
38.5582 False 932 558 0
38.57516 False 879 562 0
38.59212 False 838 562 0
38.60905 False 800 562 0
38.626 False 788 562 0
38.64295 False 781 561 0
38.65991 False 779 559 0
38.67685 False 778 558 0
38.6938 False 777 556 0
38.71075 False 776 555 0
38.7277 False 775 553 0
38.74465 False 775 552 0
38.7616 False 775 552 0
38.77855 False 775 552 0
38.7955 False 775 552 0
38.81245 False 775 552 0
38.8294 False 775 551 0
38.84635 False 774 551 0
38.8633 False 774 551 0
38.88025 False 774 551 0
38.89719 False 774 551 0
38.91414 False 774 549 0
38.9311 False 773 548 0
38.94807 False 773 548 0
38.96506 True 773 548 0
38.98201 False 773 548 0
38.99895 False 773 548 0
39.01592 False 773 548 0
39.03287 False 773 548 0
39.04982 False 773 548 0
39.06678 False 773 548 0
39.08378 False 773 548 0
39.10073 False 773 548 0
39.11768 False 773 548 0
39.13463 False 773 548 0
39.15158 False 776 553 0
39.16854 False 780 557 0
39.18549 False 785 562 0
39.20244 False 812 581 0
39.21939 False 854 595 0
39.23636 False 925 607 0
39.25329 False 973 618 0
39.27024 False 1004 619 0
39.28719 False 1032 619 0
39.30414 False 1048 619 0
39.32109 False 1056 618 0
39.33804 False 1059 617 0
39.35499 False 1060 616 0
39.37194 False 1060 615 0
39.3889 False 1060 614 0
39.40585 False 1060 614 0
39.4228 False 1060 614 0
39.43977 False 1060 614 0
39.45672 False 1063 614 0
39.47367 False 1077 612 0
39.49062 False 1100 610 0
39.50759 False 1111 609 0
39.52454 False 1116 609 0
39.54149 False 1117 609 0
39.55847 False 1117 609 0
39.57549 False 1117 609 0
39.59243 False 1117 609 0
39.60939 False 1117 609 0
39.62633 False 1117 609 0
39.64328 False 1117 609 0
39.66023 False 1117 609 0
39.67718 False 1117 609 0
39.69413 False 1117 609 0
39.71108 False 1117 609 0
39.72804 False 1117 609 0
39.745 False 1117 609 0
39.76194 True 1117 609 0
39.77889 False 1117 609 0
39.79584 False 1117 609 0
39.81279 False 1117 609 0
39.83024 False 1117 609 0
39.84724 False 1117 609 0
39.86421 False 1117 609 0
39.88114 False 1117 609 0
39.89809 False 1117 609 0
39.91506 False 1117 609 0
39.932 False 1117 609 0
39.95087 False 1117 609 0
39.96788 False 1117 609 0
39.98484 False 1117 609 0
40.00179 False 1117 609 0
40.01874 False 1117 609 0
40.0357 False 1117 609 0
40.05272 False 1110 606 0
40.06967 False 1100 604 0
40.08662 False 1089 602 0
40.10358 False 1078 602 0
40.12052 False 1069 603 0
40.13747 False 1061 605 0
40.15442 False 1056 606 0
40.17137 False 1052 608 0
40.18832 False 1049 608 0
40.20527 False 1046 609 0
40.22222 False 1045 609 0
40.23917 False 1045 609 0
40.25613 False 1045 609 0
40.27308 False 1044 609 0
40.29022 False 1042 608 0
40.3072 False 1040 606 0
40.32418 False 1040 605 0
40.34122 False 1040 605 0
40.35904 False 1040 605 0
40.37601 False 1040 605 0
40.39296 False 1040 605 0
40.40991 False 1040 605 0
40.4269 True 1040 605 0
40.44384 False 1040 605 0
40.4608 False 1040 605 0
40.47774 False 1039 605 0
40.49469 False 1039 605 0
40.51163 False 1038 604 0
40.52859 False 1037 604 0
40.54554 False 1037 604 0
40.56253 False 1037 604 0
40.57948 False 1037 604 0
40.59643 False 1034 601 0
40.61338 False 1030 600 0
40.63033 False 1028 599 0
40.64727 False 1027 598 0
40.66426 False 1027 598 0
40.68121 False 1027 598 0
40.69816 False 1028 598 0
40.71511 False 1039 600 0
40.73206 False 1062 604 0
40.74901 False 1098 612 0
40.76596 False 1151 623 0
40.78291 False 1244 641 0
40.80019 False 1289 650 0
40.81713 False 1327 654 0
40.83409 False 1353 658 0
40.85104 False 1377 661 0
40.86807 False 1394 662 0
40.88496 False 1414 669 0
40.90241 False 1433 674 0
40.91935 False 1453 679 0
40.93632 False 1473 686 0
40.95327 False 1491 692 0
40.97024 False 1521 704 0
40.98719 False 1559 712 0
41.00414 False 1620 722 0
41.0211 False 1663 726 0
41.03805 False 1674 727 0
41.05503 False 1674 727 0
41.07198 False 1665 721 0
41.08893 False 1660 719 0
41.10588 False 1657 718 0
41.12284 False 1652 716 0
41.13978 False 1635 710 0
41.15673 False 1627 707 0
41.17368 False 1602 702 0
41.19575 False 1576 693 0
41.2127 False 1572 691 0
41.22965 False 1566 688 0
41.2466 False 1565 687 0
41.26355 False 1564 687 0
41.2805 False 1564 685 0
41.29745 False 1562 684 0
41.3144 True 1562 683 0
41.33135 False 1562 683 0
41.3483 False 1562 683 0
41.36525 False 1562 683 0
41.38237 False 1562 683 0
41.39931 False 1562 683 0
41.41627 False 1562 683 0
41.43322 False 1560 682 0
41.45028 False 1549 679 0
41.46724 False 1532 675 0
41.4842 False 1506 667 0
41.50115 False 1481 655 0
41.51814 False 1445 642 0
41.53508 False 1392 629 0
41.55204 False 1337 613 0
41.56962 False 1297 601 0
41.58657 False 1278 592 0
41.60353 False 1256 583 0
41.62047 False 1219 567 0
41.63743 False 1208 561 0
41.65492 False 1190 549 0
41.67187 False 1162 526 0
41.68956 False 1129 493 0
41.70651 False 1078 444 0
41.72346 False 1019 410 0
41.74044 False 983 392 0
41.75739 False 958 382 0
41.7746 False 946 379 0
41.79155 False 931 373 0
41.80851 False 911 367 0
41.82547 False 894 363 0
41.84242 False 883 362 0
41.85947 False 879 362 0
41.87642 False 879 363 0
41.89366 False 877 363 0
41.91061 False 876 363 0
41.92756 False 873 360 0
41.9445 False 869 355 0
41.96149 False 868 354 0
41.97896 False 867 353 0
41.99594 False 866 351 0
42.01288 False 862 344 0
42.02983 False 858 338 0
42.04678 False 854 333 0
42.06372 False 848 327 0
42.08068 False 841 320 0
42.09763 False 834 314 0
42.11457 False 829 310 0
42.13152 False 828 310 0
42.14848 False 828 310 0
42.16543 False 828 310 0
