0.02 False 976 698 0
0.04 False 971 703 0
0.3733333 False 903 595 0
0.4037062 False 902 593 0
0.4206606 False 902 593 0
0.437608 False 902 593 0
0.4545569 False 902 593 0
0.4715072 False 902 593 0
0.4889837 False 913 605 0
0.5059478 False 940 631 0
0.5229017 False 982 662 0
0.5398516 False 1054 704 0
0.5568007 False 1136 733 0
0.5738906 False 1197 742 0
0.5908377 False 1242 752 0
0.6078028 False 1257 755 0
0.6247569 False 1265 757 0
0.6417052 False 1268 757 0
0.6586546 False 1269 757 0
0.6756039 False 1269 757 0
0.6925544 False 1269 757 0
0.7096447 False 1270 757 0
0.7265939 False 1270 757 0
0.7435458 False 1270 757 0
0.7604938 False 1267 751 0
0.7774994 False 1257 735 0
0.7951921 False 1244 717 0
0.8121456 False 1227 701 0
0.8290942 False 1212 690 0
0.8460495 False 1208 687 0
0.8630306 False 1208 686 0
0.8799755 False 1208 686 0
0.8969255 False 1208 686 0
0.9138755 False 1208 686 0
0.930825 False 1208 686 0
0.9477737 True 1208 686 0
0.9652874 False 1208 686 0
0.9822645 False 1208 686 0
0.9992211 False 1208 686 0
1.016173 False 1208 686 0
1.033125 False 1208 686 0
1.050074 False 1208 686 0
1.067023 False 1208 686 0
1.08397 False 1208 686 0
1.100918 False 1208 686 0
1.117867 False 1208 686 0
1.134817 False 1208 686 0
1.151767 False 1208 686 0
1.16883 False 1205 686 0
1.185785 False 1197 686 0
1.202724 False 1182 689 0
1.219687 False 1156 701 0
1.236639 False 1139 714 0
1.253583 False 1124 723 0
1.270555 False 1115 730 0
1.287501 False 1110 735 0
1.304467 False 1109 739 0
1.32144 False 1107 742 0
1.338385 False 1106 742 0
1.355343 False 1106 742 0
1.372295 False 1106 742 0
1.389246 False 1106 742 0
1.406194 True 1106 742 0
1.423137 False 1106 742 0
1.440094 False 1106 742 0
1.457042 False 1106 742 0
1.474002 False 1106 742 0
1.490954 False 1106 742 0
1.507915 False 1106 742 0
1.529747 False 1106 742 0
1.546701 False 1106 742 0
1.563762 False 1106 742 0
1.580726 False 1106 742 0
1.613633 False 1106 742 0
1.630585 False 1102 748 0
1.647536 False 1097 749 0
1.664515 False 1089 749 0
1.68147 False 1071 744 0
1.705287 False 1023 698 0
1.722341 False 1012 688 0
1.739289 False 987 638 0
1.756244 False 965 580 0
1.773193 False 937 503 0
1.790144 False 908 431 0
1.807101 False 878 363 0
1.824043 False 861 313 0
1.840993 False 852 276 0
1.857945 False 842 238 0
1.874892 False 837 230 0
1.891865 False 831 225 0
1.908815 False 823 217 0
1.925764 False 814 209 0
1.942716 False 809 203 0
1.959663 False 807 200 0
1.976613 False 806 196 0
1.993598 False 806 188 0
2.010551 False 808 179 0
2.027506 False 810 172 0
2.04445 False 811 170 0
2.061416 False 812 169 0
2.078363 False 813 167 0
2.095312 False 814 163 0
2.112262 False 816 160 0
2.129212 False 822 153 0
2.146173 False 824 148 0
2.163118 False 825 142 0
2.180068 False 825 138 0
2.197019 False 825 135 0
2.213967 False 825 134 0
2.230916 True 825 134 0
2.247895 False 825 134 0
2.264841 False 825 134 0
2.281833 False 825 134 0
2.298777 False 825 134 0
2.315721 False 825 134 0
2.332671 False 825 134 0
2.34962 False 825 134 0
2.366618 False 825 134 0
2.383568 False 824 134 0
2.400524 False 824 131 0
2.417469 False 824 131 0
2.434422 False 824 131 0
2.451374 False 824 131 0
2.468323 False 825 131 0
2.485762 False 843 136 0
2.502723 False 878 138 0
2.519691 False 895 138 0
2.536638 False 910 138 0
2.553751 False 923 137 0
2.570699 False 933 136 0
2.587643 False 944 133 0
2.604594 False 945 133 0
2.622397 False 945 133 0
2.639342 False 945 133 0
2.656294 False 945 133 0
2.673243 False 945 133 0
2.690208 False 945 133 0
2.707198 False 945 133 0
2.724148 False 943 131 0
2.741099 False 943 129 0
2.75806 False 942 128 0
2.775002 False 942 128 0
2.792448 False 942 125 0
2.809396 False 942 121 0
2.826357 False 942 116 0
2.84995 False 946 105 0
2.86724 False 946 105 0
2.884206 False 952 97 0
2.937403 True 954 94 0
2.954351 False 954 94 0
2.971308 False 954 94 0
2.988268 False 954 94 0
3.005264 False 954 94 0
3.022226 False 954 94 0
3.039165 False 954 94 0
3.056128 False 954 94 0
3.073092 False 954 94 0
3.090047 False 956 94 0
3.10699 False 961 95 0
3.12394 False 969 96 0
3.140886 False 986 99 0
3.157842 False 1004 105 0
3.175343 False 1027 113 0
3.192309 False 1063 126 0
3.209253 False 1117 160 0
3.226213 False 1177 213 0
3.243162 False 1197 249 0
3.260121 False 1213 276 0
3.277088 False 1226 294 0
3.294037 False 1234 309 0
3.311007 False 1242 325 0
3.327962 False 1249 336 0
3.344903 False 1255 348 0
3.361893 False 1262 356 0
3.378838 False 1267 362 0
3.395787 False 1275 370 0
3.412736 False 1287 379 0
3.429685 False 1298 390 0
3.446635 False 1305 397 0
3.463585 False 1309 403 0
3.480537 False 1312 407 0
3.497491 False 1314 409 0
3.514433 False 1315 411 0
3.531383 False 1315 411 0
3.548842 False 1315 412 0
3.565792 False 1316 415 0
3.582783 False 1320 424 0
3.59973 False 1322 430 0
3.616878 False 1323 432 0
3.633835 False 1323 433 0
3.650867 False 1323 433 0
3.66786 False 1323 433 0
3.684813 False 1323 433 0
3.701758 False 1323 433 0
3.718868 False 1323 433 0
3.735869 True 1323 433 0
3.752832 False 1323 433 0
3.769779 False 1323 433 0
3.786724 False 1323 433 0
3.803683 False 1323 433 0
3.821136 False 1323 433 0
3.838086 False 1323 433 0
3.855033 False 1323 433 0
3.872017 False 1323 433 0
3.888969 False 1323 433 0
3.905921 False 1323 433 0
3.923356 False 1323 433 0
3.94032 False 1323 433 0
3.957267 False 1320 433 0
3.974216 False 1316 433 0
3.991216 False 1310 435 0
4.008141 False 1296 437 0
4.025085 False 1267 435 0
4.042552 False 1219 423 0
4.059505 False 1073 406 0
4.076459 False 1028 398 0
4.093408 False 938 383 0
4.110366 False 856 373 0
4.127312 False 781 354 0
4.144273 False 751 346 0
4.161222 False 729 340 0
4.178178 False 721 337 0
4.195128 False 719 336 0
4.218023 False 702 334 0
4.235023 False 702 334 0
4.251994 False 694 337 0
4.268949 False 688 343 0
4.285896 False 674 356 0
4.302876 False 667 360 0
4.319821 False 656 368 0
4.336779 False 649 376 0
4.354331 False 640 387 0
4.371305 False 631 404 0
4.388265 False 628 412 0
4.405211 False 626 418 0
4.422169 False 626 428 0
4.439116 False 626 442 0
4.456073 False 624 451 0
4.473017 False 620 454 0
4.489975 False 615 457 0
4.506941 False 611 457 0
4.523896 False 609 457 0
4.540837 False 609 457 0
4.557787 False 609 457 0
4.574772 False 609 457 0
4.591712 True 609 457 0
4.608659 False 609 457 0
4.625609 False 609 457 0
4.64257 False 609 457 0
4.659526 False 609 457 0
4.676475 False 609 457 0
4.693431 False 609 457 0
4.710384 False 609 457 0
4.727329 False 609 457 0
4.744285 False 609 457 0
4.761265 False 609 457 0
4.778216 False 609 457 0
4.795171 False 617 463 0
4.812118 False 653 486 0
4.829069 False 707 533 0
4.84603 False 794 590 0
4.863042 False 867 623 0
4.879984 False 931 638 0
4.896935 False 993 653 0
4.913888 False 1072 650 0
4.930838 False 1108 639 0
4.947782 False 1138 620 0
4.965209 False 1161 603 0
4.982169 False 1181 589 0
4.999122 False 1202 570 0
5.016074 False 1214 556 0
5.033028 False 1224 541 0
5.049979 False 1230 529 0
5.067446 False 1230 522 0
5.084403 False 1230 513 0
5.10136 False 1230 508 0
5.118313 False 1228 493 0
5.135262 False 1227 487 0
5.152284 False 1227 482 0
5.169221 False 1229 475 0
5.186171 False 1235 467 0
5.203121 False 1242 446 0
5.220074 False 1244 426 0
5.237018 False 1249 401 0
5.253996 False 1262 367 0
5.270955 False 1274 351 0
5.287898 False 1283 341 0
5.304884 False 1285 334 0
5.321835 False 1286 328 0
5.338783 False 1286 325 0
5.35574 False 1286 324 0
5.372696 False 1286 324 0
5.389643 False 1286 324 0
5.411277 False 1286 324 0
5.428486 False 1286 324 0
5.445439 False 1286 324 0
5.46241 True 1286 324 0
5.481098 False 1286 324 0
5.498296 False 1286 324 0
5.515302 False 1286 324 0
5.532318 False 1286 324 0
5.54927 False 1286 324 0
5.566218 False 1286 324 0
5.583171 False 1286 324 0
5.60012 False 1286 324 0
5.61707 False 1286 324 0
5.634048 False 1286 324 0
5.651033 False 1286 324 0
5.66796 False 1286 324 0
5.684906 False 1286 324 0
5.701855 False 1286 324 0
5.718806 False 1286 324 0
5.735754 False 1286 324 0
5.752707 False 1286 329 0
5.770176 False 1286 361 0
5.787123 False 1274 412 0
5.804075 False 1240 495 0
5.821027 False 1200 579 0
5.837993 False 1136 679 0
5.854945 False 1113 719 0
5.871892 False 1096 748 0
5.888839 False 1089 768 0
5.905796 False 1083 786 0
5.922755 False 1079 797 0
5.939707 False 1077 801 0
5.956651 False 1076 802 0
5.973604 False 1076 802 0
5.990552 False 1076 802 0
6.0075 False 1071 802 0
6.024469 False 1053 798 0
6.041414 False 1015 789 0
6.05837 False 991 786 0
6.075312 False 964 784 0
6.092261 False 946 781 0
6.10921 False 938 780 0
6.126162 False 936 780 0
6.143122 False 936 779 0
6.16013 False 936 779 0
6.177072 False 936 779 0
6.194022 True 936 779 0
6.210974 False 936 779 0
6.227921 False 936 779 0
6.244873 False 936 779 0
6.261819 False 936 779 0
6.278769 False 936 779 0
6.295722 False 936 779 0
6.312672 False 936 779 0
6.329621 False 936 779 0
6.346574 False 936 779 0
6.363531 False 935 777 0
6.380487 False 935 776 0
6.397439 False 934 775 0
6.414395 False 930 771 0
6.431345 False 910 752 0
6.448304 False 890 726 0
6.465265 False 863 676 0
6.482235 False 827 610 0
6.499178 False 779 524 0
6.516127 False 737 420 0
6.53308 False 696 245 0
6.550028 False 672 169 0
6.566988 False 661 128 0
6.583959 False 651 93 0
6.600905 False 651 55 0
6.617855 False 652 46 0
6.634821 False 650 40 0
6.651776 False 649 38 0
6.670399 False 649 38 0
6.687354 False 649 38 0
6.704623 False 649 38 0
6.721642 False 649 38 0
6.738594 False 649 41 0
6.755542 False 657 65 0
6.772534 False 669 90 0
6.789476 False 680 111 0
6.806426 False 685 126 0
6.823372 False 687 140 0
6.840325 False 691 150 0
6.857273 False 696 158 0
6.874858 False 699 164 0
6.891824 False 700 166 0
6.908782 False 701 167 0
6.925724 False 702 167 0
6.942675 False 702 167 0
6.959639 False 702 167 0
6.97659 False 702 167 0
6.993535 False 702 169 0
7.010483 False 702 169 0
7.027442 False 702 169 0
7.044389 False 702 169 0
7.061338 False 702 169 0
7.078294 False 702 169 0
7.095244 False 702 169 0
7.112193 False 702 169 0
7.129279 False 702 170 0
7.146237 False 702 170 0
7.163197 False 702 170 0
7.180148 False 702 172 0
7.197646 False 702 173 0
7.214602 False 702 174 0
7.231548 False 702 177 0
7.248491 False 702 178 0
7.26544 False 703 182 0
7.282393 True 704 184 0
7.299338 False 704 184 0
7.316289 False 704 184 0
7.334036 False 704 184 0
7.35101 False 704 184 0
7.367958 False 704 184 0
7.384907 False 704 184 0
7.401885 False 704 184 0
7.418833 False 708 188 0
7.435826 False 715 201 0
7.452786 False 721 212 0
7.469735 False 723 220 0
7.486688 False 724 228 0
7.503634 False 730 238 0
7.520596 False 763 266 0
7.537827 False 799 281 0
7.554782 False 833 289 0
7.571736 False 866 294 0
7.588686 False 910 295 0
7.605629 False 939 288 0
7.622585 False 963 278 0
7.639537 False 986 270 0
7.65648 False 1011 266 0
7.67343 False 1035 263 0
7.690385 False 1048 261 0
7.707334 False 1056 258 0
7.724287 False 1056 257 0
7.742013 False 1055 252 0
7.758966 False 1055 244 0
7.775913 False 1055 233 0
7.793324 False 1059 224 0
7.810297 False 1061 221 0
7.827247 False 1061 216 0
7.850207 False 1067 186 0
7.86716 False 1067 186 0
7.88411 False 1069 172 0
7.901065 False 1069 161 0
7.918121 False 1068 150 0
7.9372 False 1068 140 0
7.954883 False 1068 140 0
7.971892 False 1069 137 0
7.988849 False 1070 133 0
8.005792 True 1072 125 0
8.026385 False 1074 116 0
8.043345 False 1075 113 0
8.060613 False 1076 109 0
8.07757 False 1076 106 0
8.094517 False 1076 106 0
8.111467 False 1076 106 0
8.12842 False 1076 106 0
8.145382 False 1076 106 0
8.162332 False 1076 106 0
8.179291 False 1076 106 0
8.196238 False 1076 106 0
8.213186 False 1076 106 0
8.230177 False 1077 106 0
8.247122 False 1077 106 0
8.264071 False 1077 106 0
8.281021 False 1078 106 0
8.297969 False 1088 126 0
8.314922 False 1114 178 0
8.331881 False 1146 249 0
8.348832 False 1183 337 0
8.365785 False 1221 416 0
8.382735 False 1253 488 0
8.399708 False 1259 501 0
8.416654 False 1268 529 0
8.433614 False 1269 541 0
8.450562 False 1270 547 0
8.467515 False 1270 552 0
8.484473 False 1270 555 0
8.501426 False 1270 558 0
8.51838 False 1272 567 0
8.535336 False 1277 581 0
8.552297 False 1282 590 0
8.569246 False 1283 592 0
8.586233 False 1284 593 0
8.603179 False 1284 593 0
8.620131 False 1284 593 0
8.637082 True 1284 593 0
8.654045 False 1284 593 0
8.67099 False 1284 593 0
8.687957 False 1284 593 0
8.704903 False 1284 593 0
8.721871 False 1284 593 0
8.738823 False 1284 593 0
8.755768 False 1284 593 0
8.772766 False 1284 593 0
8.789718 False 1284 593 0
8.80667 False 1284 593 0
8.823613 False 1281 593 0
8.840573 False 1246 586 0
8.857522 False 1204 582 0
8.874468 False 1159 578 0
8.891417 False 1089 571 0
8.908395 False 1006 553 0
8.925342 False 910 533 0
8.942291 False 819 512 0
8.959242 False 728 480 0
8.976192 False 633 437 0
8.993139 False 608 434 0
9.010092 False 591 435 0
9.027045 False 583 440 0
9.043997 False 581 449 0
9.060946 False 586 460 0
9.078323 False 595 474 0
9.095277 False 603 488 0
9.141373 False 605 511 0
9.158322 False 603 523 0
9.175275 False 608 531 0
9.192225 False 616 547 0
9.20918 False 622 555 0
9.226129 False 626 561 0
9.243076 False 629 566 0
9.26003 False 631 568 0
9.276992 False 632 569 0
9.293922 False 636 572 0
9.310879 False 641 578 0
9.327824 False 643 581 0
9.344779 True 644 582 0
9.361725 False 644 582 0
9.378673 False 644 582 0
9.395618 False 644 582 0
9.412576 False 644 582 0
9.429522 False 644 582 0
9.446474 False 643 581 0
9.463426 False 643 581 0
9.480375 False 643 581 0
9.497321 False 644 582 0
9.514272 False 646 583 0
9.531219 False 650 585 0
9.548168 False 659 589 0
9.565122 False 696 613 0
9.582067 False 733 627 0
9.599023 False 756 641 0
9.61597 False 768 651 0
9.632919 False 774 660 0
9.64987 False 775 670 0
9.666816 False 768 681 0
9.684233 False 763 686 0
9.701202 False 756 691 0
9.718156 False 751 695 0
9.735098 False 749 699 0
9.752576 False 746 702 0
9.769545 False 744 703 0
9.786494 False 742 703 0
9.803443 False 741 703 0
9.8204 False 741 703 0
9.837343 False 741 703 0
9.854295 False 741 703 0
9.871242 False 741 703 0
9.888193 False 741 703 0
9.905663 False 741 703 0
9.922662 False 741 703 0
9.939608 False 740 702 0
9.956558 False 740 702 0
9.973577 False 739 701 0
9.99052 False 735 697 0
10.00747 False 730 692 0
10.02442 False 721 685 0
10.04137 False 717 684 0
10.05832 False 716 683 0
10.07526 False 715 682 0
10.09222 True 715 682 0
10.10917 False 715 682 0
10.12615 False 715 682 0
10.1431 False 715 682 0
10.16005 False 714 682 0
10.177 False 713 681 0
10.194 False 714 681 0
10.21095 False 715 681 0
10.2279 False 719 681 0
10.24689 False 738 684 0
10.26385 False 738 684 0
10.2808 False 763 687 0
10.29775 False 780 694 0
10.3147 False 795 701 0
10.33258 False 810 708 0
10.34953 False 828 712 0
10.36648 False 852 704 0
10.38343 False 905 665 0
10.40038 False 935 632 0
10.41733 False 966 579 0
10.43428 False 1006 512 0
10.45123 False 1061 402 0
10.46818 False 1115 325 0
10.48567 False 1144 265 0
10.50261 False 1162 220 0
10.51957 False 1172 192 0
10.53651 False 1185 165 0
10.55346 False 1194 153 0
10.57043 False 1200 148 0
10.58738 False 1200 147 0
10.60435 False 1200 147 0
10.6213 False 1200 147 0
10.63825 False 1200 147 0
10.6552 False 1200 147 0
10.67215 False 1200 147 0
10.6891 False 1199 149 0
10.70605 False 1195 159 0
10.723 False 1189 173 0
10.73997 False 1187 185 0
10.75691 False 1187 188 0
10.77387 False 1187 189 0
10.79094 False 1187 190 0
10.8078 False 1187 190 0
10.82476 False 1187 190 0
10.84173 False 1187 190 0
10.85868 False 1187 191 0
10.87562 False 1189 191 0
10.89258 False 1190 192 0
10.90955 False 1192 193 0
10.92649 False 1193 194 0
10.94345 True 1195 194 0
10.96091 False 1195 195 0
10.97787 False 1196 195 0
10.99481 False 1196 195 0
11.01176 False 1196 195 0
11.02871 False 1196 195 0
11.04566 False 1196 195 0
11.06261 False 1196 195 0
11.07956 False 1196 195 0
11.09651 False 1196 195 0
11.11366 False 1196 195 0
11.13062 False 1196 195 0
11.14757 False 1196 195 0
11.16455 False 1196 195 0
11.18149 False 1196 195 0
11.19845 False 1196 195 0
11.21539 False 1184 204 0
11.23234 False 1135 220 0
11.24929 False 1086 221 0
11.26625 False 1015 223 0
11.2832 False 933 223 0
11.30015 False 847 216 0
11.31764 False 722 204 0
11.33459 False 656 190 0
11.35161 False 620 180 0
11.36856 False 601 179 0
11.38551 False 594 180 0
11.40251 False 590 196 0
11.41946 False 590 206 0
11.43641 False 590 214 0
11.45409 False 589 219 0
11.47105 False 588 225 0
11.48799 False 588 229 0
11.50494 False 588 235 0
11.52193 False 594 245 0
11.53888 False 601 253 0
11.55583 False 609 264 0
11.57278 False 619 279 0
11.58973 False 626 291 0
11.60668 False 632 302 0
11.62533 False 635 311 0
11.64229 False 635 311 0
11.65923 False 635 311 0
11.67619 False 635 311 0
11.69313 False 635 311 0
11.71009 True 635 311 0
11.72704 False 635 311 0
11.75136 False 635 311 0
11.76828 False 635 311 0
11.78524 False 635 311 0
11.80218 False 635 311 0
11.81913 False 635 311 0
11.83608 False 635 311 0
11.85303 False 635 311 0
11.86998 False 636 312 0
11.88692 False 638 313 0
11.90387 False 641 318 0
11.92082 False 648 331 0
11.93778 False 667 366 0
11.95472 False 687 398 0
11.97167 False 725 444 0
11.98862 False 798 543 0
12.00557 False 817 572 0
12.02254 False 858 632 0
12.03947 False 895 703 0
12.05644 False 914 753 0
12.07339 False 919 799 0
12.09034 False 912 831 0
12.1073 False 907 843 0
12.12429 False 905 849 0
12.14123 False 905 850 0
12.15818 False 905 850 0
12.17513 False 902 850 0
12.19208 False 895 845 0
12.20905 False 880 833 0
12.22599 False 866 824 0
12.24294 False 851 810 0
12.2599 False 833 794 0
12.27695 False 817 784 0
12.2939 False 805 773 0
12.31085 False 803 771 0
12.3278 False 803 771 0
12.34482 False 803 771 0
12.36191 False 803 771 0
12.37957 True 803 771 0
12.39653 False 804 771 0
12.41348 False 804 771 0
12.43044 False 804 771 0
12.4474 False 804 771 0
12.46436 False 804 771 0
12.48132 False 804 771 0
12.49827 False 804 771 0
12.51522 False 806 771 0
12.53221 False 815 772 0
12.54915 False 831 773 0
12.5661 False 853 774 0
12.58305 False 877 774 0
12.6 False 892 774 0
12.61696 False 908 774 0
12.6339 False 932 767 0
12.65085 False 960 751 0
12.6678 False 1024 695 0
12.68475 False 1050 652 0
12.70171 False 1065 605 0
12.71867 False 1089 547 0
12.73565 False 1117 492 0
12.7526 False 1145 439 0
12.76956 False 1179 399 0
12.7865 False 1195 387 0
12.80345 False 1207 379 0
12.82039 False 1213 374 0
12.83737 False 1219 367 0
12.85431 False 1226 361 0
12.87126 False 1230 357 0
12.88821 False 1230 357 0
12.91101 False 1235 350 0
12.92797 False 1237 348 0
12.94505 False 1239 347 0
12.96203 False 1239 347 0
12.98523 False 1239 347 0
13.00218 False 1239 347 0
13.01913 False 1240 347 0
13.03608 False 1242 345 0
13.05303 False 1244 344 0
13.07035 False 1245 343 0
13.08729 False 1248 339 0
13.10424 False 1252 332 0
13.12119 False 1263 322 0
13.13815 False 1269 318 0
13.1551 False 1271 317 0
13.17207 False 1271 317 0
13.18902 False 1271 317 0
13.20596 False 1271 317 0
13.22291 False 1273 317 0
13.23987 True 1274 317 0
13.25681 False 1275 317 0
13.27383 False 1275 317 0
13.29078 False 1277 317 0
13.30773 False 1278 317 0
13.32468 False 1279 317 0
13.34163 False 1280 317 0
13.35858 False 1280 318 0
13.37553 False 1280 318 0
13.39248 False 1280 318 0
13.40942 False 1280 318 0
13.42637 False 1280 318 0
13.44332 False 1276 325 0
13.46027 False 1270 340 0
13.47723 False 1243 391 0
13.49417 False 1214 413 0
13.51113 False 1184 419 0
13.52808 False 1162 422 0
13.54556 False 1142 421 0
13.56257 False 1106 408 0
13.57952 False 1039 365 0
13.59647 False 992 333 0
13.61342 False 955 304 0
13.63037 False 923 276 0
13.64732 False 887 241 0
13.66427 False 852 209 0
13.68121 False 844 201 0
13.69816 False 839 196 0
13.71512 False 835 191 0
13.73208 False 831 189 0
13.74902 False 826 187 0
13.76597 False 816 185 0
13.78293 False 809 184 0
13.79989 False 795 182 0
13.81684 False 778 179 0
13.8338 False 758 172 0
13.85077 False 741 166 0
13.86771 False 737 165 0
13.88466 False 736 165 0
13.90165 False 734 165 0
13.91859 False 729 164 0
13.93554 False 725 163 0
13.9525 False 721 163 0
13.96944 False 714 165 0
13.98639 False 708 165 0
14.00336 False 706 166 0
14.02029 False 705 166 0
14.03724 False 705 166 0
14.05474 False 705 167 0
14.07169 False 705 167 0
14.08864 False 706 168 0
14.1056 False 706 168 0
14.12255 False 706 168 0
14.1395 False 706 168 0
14.15645 False 706 168 0
14.18275 False 708 174 0
14.19971 False 708 174 0
14.21728 False 709 179 0
14.23423 False 709 185 0
14.25175 False 709 186 0
14.26869 True 709 187 0
14.28564 False 709 187 0
14.30259 False 709 187 0
14.31955 False 709 187 0
14.3365 False 709 187 0
14.35344 False 709 187 0
14.3704 False 709 187 0
14.38735 False 709 187 0
14.40429 False 713 189 0
14.42124 False 715 190 0
14.43819 False 717 193 0
14.45514 False 721 196 0
14.47209 False 728 206 0
14.48904 False 740 223 0
14.50599 False 806 290 0
14.52294 False 897 365 0
14.53989 False 984 409 0
14.55731 False 1084 458 0
14.57428 False 1240 533 0
14.59123 False 1317 572 0
14.60819 False 1361 603 0
14.62514 False 1386 635 0
14.64209 False 1400 661 0
14.65904 False 1412 684 0
14.67599 False 1415 688 0
14.69348 False 1415 689 0
14.71047 False 1415 689 0
14.72742 False 1415 689 0
14.74437 False 1415 689 0
14.76133 False 1415 689 0
14.77827 False 1405 684 0
14.79523 False 1390 670 0
14.8122 False 1370 653 0
14.82915 False 1350 639 0
14.8461 False 1334 623 0
14.86305 False 1321 608 0
14.88 False 1319 605 0
14.89695 False 1319 604 0
14.9139 False 1317 603 0
14.93144 False 1317 602 0
14.94838 False 1316 601 0
14.96533 False 1316 601 0
14.98233 False 1316 601 0
14.99924 False 1316 601 0
15.01627 False 1316 601 0
15.03322 False 1312 598 0
15.05017 False 1307 596 0
15.06712 False 1304 594 0
15.08409 False 1300 592 0
15.10104 False 1296 587 0
15.11799 False 1290 582 0
15.13494 False 1288 579 0
15.15189 False 1287 579 0
15.16884 True 1287 579 0
15.18578 False 1287 579 0
15.20274 False 1287 579 0
15.21968 False 1287 579 0
15.23664 False 1287 579 0
15.2541 False 1287 579 0
15.27106 False 1287 579 0
15.288 False 1288 579 0
15.30496 False 1285 581 0
15.3219 False 1276 582 0
15.33886 False 1263 584 0
15.35635 False 1250 584 0
15.37329 False 1237 583 0
15.39025 False 1207 577 0
15.4072 False 1177 566 0
15.42415 False 1150 549 0
15.44114 False 1123 520 0
15.45857 False 1085 463 0
15.47554 False 1072 439 0
15.49249 False 1026 326 0
15.50944 False 996 261 0
15.52645 False 966 205 0
15.5434 False 939 164 0
15.56035 False 902 120 0
15.57734 False 885 103 0
15.59428 False 871 94 0
15.61123 False 861 88 0
15.62848 False 853 83 0
15.64606 False 847 80 0
15.66304 False 840 76 0
15.68 False 834 74 0
15.69697 False 833 74 0
15.71393 False 832 74 0
15.73089 False 831 75 0
15.74784 False 829 78 0
15.76479 False 829 84 0
15.78185 False 830 101 0
15.7988 False 831 106 0
15.81575 False 830 110 0
15.83271 False 830 111 0
15.84965 False 830 111 0
15.8666 False 830 111 0
15.88355 False 830 111 0
15.9005 True 830 111 0
15.91745 False 830 111 0
15.9344 False 830 111 0
15.95135 False 830 112 0
15.9683 False 830 112 0
15.98525 False 830 112 0
16.0022 False 830 112 0
16.01915 False 830 112 0
16.0361 False 830 112 0
16.05304 False 835 118 0
16.06999 False 845 131 0
16.08694 False 866 153 0
16.10389 False 885 170 0
16.12084 False 905 179 0
16.1378 False 932 186 0
16.15474 False 987 196 0
16.17174 False 1016 198 0
16.18868 False 1046 198 0
16.20563 False 1065 195 0
16.22258 False 1075 190 0
16.23953 False 1080 183 0
16.25648 False 1082 176 0
16.27343 False 1083 173 0
16.29039 False 1085 172 0
16.30733 False 1086 172 0
16.32428 False 1086 171 0
16.34125 False 1088 168 0
16.3582 False 1089 165 0
16.37514 False 1092 162 0
16.3921 False 1094 159 0
16.40953 False 1096 153 0
16.42649 False 1098 148 0
16.44345 False 1100 143 0
16.4604 False 1101 141 0
16.47735 False 1101 139 0
16.49431 False 1100 138 0
16.51126 False 1098 136 0
16.52823 False 1098 134 0
16.54518 False 1096 133 0
16.56217 True 1096 131 0
16.57912 False 1095 131 0
16.59607 False 1094 130 0
16.62113 False 1094 129 0
16.63809 False 1094 129 0
16.65504 False 1094 129 0
16.67198 False 1094 129 0
16.68894 False 1094 129 0
16.70625 False 1094 129 0
16.72321 False 1094 129 0
16.74018 False 1094 129 0
16.75712 False 1094 131 0
16.77491 False 1093 138 0
16.79186 False 1089 181 0
16.80881 False 1075 237 0
16.82576 False 1034 302 0
16.84272 False 965 358 0
16.85967 False 883 412 0
16.87666 False 785 479 0
16.89361 False 732 511 0
16.91056 False 690 535 0
16.92751 False 671 548 0
16.94446 False 666 553 0
16.96141 False 665 554 0
16.97836 False 665 555 0
16.99566 False 662 556 0
17.01262 False 657 557 0
17.02962 False 653 560 0
17.04656 False 652 566 0
17.06351 False 651 575 0
17.08047 False 651 583 0
17.09742 False 650 589 0
17.11437 False 648 592 0
17.13134 False 647 593 0
17.14828 False 647 593 0
17.16524 False 647 593 0
17.18219 True 647 593 0
17.19914 False 647 593 0
17.21609 False 647 593 0
17.23304 False 647 593 0
17.24998 False 647 593 0
17.26694 False 647 593 0
17.28392 False 646 593 0
17.30087 False 645 592 0
17.31782 False 645 591 0
17.33477 False 644 591 0
17.35174 False 644 591 0
17.3687 False 644 591 0
17.38565 False 644 591 0
17.40261 False 644 591 0
17.41956 False 644 591 0
17.43651 False 644 591 0
17.45345 False 666 597 0
17.47041 False 708 616 0
17.48736 False 783 649 0
17.5043 False 871 677 0
17.52127 False 986 720 0
17.53823 False 1042 741 0
17.55518 False 1072 758 0
17.57216 False 1083 766 0
17.58909 False 1086 769 0
17.60605 False 1086 770 0
17.62355 False 1086 770 0
17.64051 False 1086 770 0
17.65746 False 1086 770 0
17.6744 False 1086 770 0
17.69135 False 1086 770 0
17.7083 False 1086 770 0
17.72526 False 1086 770 0
17.74224 False 1086 770 0
17.75919 False 1086 770 0
17.77615 False 1086 771 0
17.7931 False 1088 772 0
17.81006 True 1088 772 0
17.827 False 1088 772 0
17.84398 False 1088 772 0
17.86094 False 1088 772 0
17.88937 False 1088 772 0
17.90632 False 1088 772 0
17.92327 False 1088 771 0
17.94022 False 1086 766 0
17.95718 False 1082 754 0
17.97412 False 1082 747 0
17.99168 False 1084 741 0
18.00863 False 1086 737 0
18.02626 False 1087 735 0
18.04322 False 1086 733 0
18.06017 False 1083 729 0
18.07712 False 1077 717 0
18.09407 False 1067 698 0
18.11103 False 1048 663 0
18.128 False 1013 604 0
18.14494 False 955 488 0
18.16189 False 923 405 0
18.17884 False 897 313 0
18.19581 False 882 234 0
18.21276 False 859 150 0
18.22973 False 853 122 0
18.24669 False 852 107 0
18.26363 False 854 98 0
18.28073 False 856 94 0
18.29768 False 856 92 0
18.31462 False 856 91 0
18.33189 False 856 91 0
18.34879 False 858 92 0
18.37052 False 884 104 0
18.38768 False 892 107 0
18.40464 False 906 110 0
18.42186 False 919 112 0
18.43881 False 930 112 0
18.45576 False 945 115 0
18.47272 False 948 116 0
18.48967 False 949 116 0
18.50666 False 949 116 0
18.52361 False 949 116 0
18.54056 False 949 116 0
18.558 False 949 116 0
18.57498 False 949 116 0
18.59193 False 949 116 0
18.60888 False 949 116 0
18.62583 False 949 116 0
18.64329 False 949 114 0
18.66024 False 949 113 0
18.67722 False 949 110 0
18.69416 False 949 108 0
18.71111 False 948 104 0
18.72857 False 947 103 0
18.74552 False 947 102 0
18.76248 False 947 102 0
18.77945 False 947 102 0
18.79641 False 947 102 0
18.81336 False 947 102 0
18.83031 False 947 102 0
18.84726 False 947 102 0
18.86421 False 947 102 0
18.88116 False 947 102 0
18.89811 False 947 102 0
18.91506 False 947 102 0
18.93202 True 947 102 0
18.94896 False 947 102 0
18.96591 False 947 102 0
18.9829 False 947 102 0
18.99985 False 947 102 0
19.01682 False 947 101 0
19.03375 False 951 101 0
19.05145 False 962 102 0
19.06841 False 984 107 0
19.08535 False 992 109 0
19.10311 False 995 109 0
19.12005 False 996 109 0
19.137 False 996 109 0
19.16014 False 1008 119 0
19.17709 False 1008 119 0
19.19404 False 1028 138 0
19.21099 False 1048 184 0
19.22794 False 1065 249 0
19.24489 False 1072 324 0
19.26185 False 1080 464 0
19.27879 False 1079 559 0
19.29574 False 1060 647 0
19.31349 False 1038 723 0
19.33045 False 1031 764 0
19.34744 False 1030 788 0
19.36439 False 1032 805 0
19.38134 False 1032 807 0
19.3983 False 1032 807 0
19.41525 False 1032 807 0
19.4322 False 1032 807 0
19.44915 False 1032 807 0
19.46609 False 1032 807 0
19.48304 False 1032 808 0
19.50001 False 1031 809 0
19.51697 False 1025 809 0
19.53392 False 1016 809 0
19.55087 False 1005 806 0
19.56786 False 986 800 0
19.58481 False 977 797 0
19.60179 False 973 796 0
19.61874 False 971 795 0
19.63569 False 970 795 0
19.65264 False 970 795 0
19.66958 True 970 795 0
19.68653 False 970 795 0
19.70399 False 970 795 0
19.72094 False 970 795 0
19.73789 False 970 795 0
19.75484 False 970 795 0
19.77183 False 970 795 0
19.78878 False 970 795 0
19.80573 False 970 795 0
19.82268 False 970 794 0
19.83963 False 970 788 0
19.85658 False 976 777 0
19.87353 False 985 757 0
19.89047 False 1003 716 0
19.90742 False 1031 658 0
19.92438 False 1063 593 0
19.94132 False 1117 530 0
19.95829 False 1149 503 0
19.97524 False 1182 480 0
19.99219 False 1206 463 0
20.00914 False 1224 455 0
20.02609 False 1239 454 0
20.04357 False 1258 456 0
20.06052 False 1264 459 0
20.07747 False 1266 460 0
20.09443 False 1267 461 0
20.11141 False 1268 462 0
20.12836 False 1275 468 0
20.14532 False 1282 473 0
20.16227 False 1287 474 0
20.17923 False 1290 475 0
20.19618 False 1291 475 0
20.21313 False 1296 470 0
20.23007 False 1300 465 0
20.24702 False 1305 458 0
20.26475 False 1312 449 0
20.28169 False 1313 446 0
20.29869 False 1318 441 0
20.31564 False 1319 440 0
20.33259 False 1319 440 0
20.34954 False 1319 440 0
20.36649 False 1319 440 0
20.38343 True 1319 440 0
20.40039 False 1319 440 0
20.41734 False 1319 440 0
20.43429 False 1319 440 0
20.45124 False 1319 440 0
20.46819 False 1319 440 0
20.48514 False 1319 440 0
20.50209 False 1318 440 0
20.51907 False 1314 439 0
20.53604 False 1310 439 0
20.55298 False 1304 438 0
20.57044 False 1280 435 0
20.58738 False 1254 432 0
20.60433 False 1208 426 0
20.62128 False 1144 419 0
20.63823 False 1088 408 0
20.65518 False 1040 381 0
20.67215 False 1010 350 0
20.68909 False 1010 338 0
20.70604 False 1027 323 0
20.72303 False 1063 307 0
20.73997 False 1113 290 0
20.75692 False 1158 281 0
20.77389 False 1192 269 0
20.79134 False 1211 258 0
20.80829 False 1223 250 0
20.82524 False 1230 244 0
20.8422 False 1233 241 0
20.85914 False 1233 239 0
20.8761 False 1233 238 0
20.89306 False 1232 236 0
20.91001 False 1231 234 0
20.92697 False 1227 231 0
20.94393 False 1217 224 0
20.96089 False 1206 217 0
20.97783 False 1199 210 0
20.99484 False 1194 205 0
21.01179 False 1192 203 0
21.02874 False 1191 202 0
21.0457 False 1191 201 0
21.06264 False 1190 198 0
21.07964 False 1189 197 0
21.09659 False 1189 195 0
21.11358 False 1189 194 0
21.13049 False 1189 193 0
21.14744 False 1190 192 0
21.16439 False 1190 192 0
21.18136 False 1190 192 0
21.19829 False 1190 192 0
21.21525 False 1190 192 0
21.23219 False 1190 192 0
21.24914 False 1190 192 0
21.26609 False 1190 192 0
21.28304 False 1190 192 0
21.29999 False 1190 192 0
21.31694 False 1190 192 0
21.33389 False 1190 192 0
21.35084 False 1190 192 0
21.36779 False 1190 192 0
21.38474 False 1190 192 0
21.40173 False 1190 192 0
21.41869 False 1190 192 0
21.43564 False 1190 192 0
21.45258 True 1192 191 0
21.46965 False 1192 191 0
21.4866 False 1194 191 0
21.50355 False 1194 191 0
21.5205 False 1194 191 0
21.53745 False 1194 191 0
21.5544 False 1195 191 0
21.57135 False 1195 191 0
21.58923 False 1195 191 0
21.60619 False 1195 191 0
21.62361 False 1195 191 0
21.64062 False 1198 190 0
21.65757 False 1198 190 0
21.67452 False 1198 190 0
21.69147 False 1199 190 0
21.70842 False 1199 191 0
21.72548 False 1194 207 0
21.74242 False 1159 266 0
21.75937 False 1136 294 0
21.77633 False 1040 394 0
21.79327 False 957 461 0
21.81023 False 876 497 0
21.82717 False 806 527 0
21.84412 False 751 547 0
21.86107 False 720 562 0
21.87802 False 710 568 0
21.89497 False 710 571 0
21.91192 False 714 575 0
21.92886 False 719 579 0
21.94581 False 722 585 0
21.96276 False 724 592 0
21.97971 False 729 616 0
21.99668 False 731 640 0
22.01363 False 731 669 0
22.03058 False 730 693 0
22.04753 False 728 708 0
22.06448 False 726 723 0
22.08143 False 725 728 0
22.09838 False 725 730 0
22.11534 False 725 730 0
22.1323 False 724 730 0
22.14924 False 724 730 0
22.16619 False 724 730 0
22.18368 False 724 730 0
22.20064 False 724 730 0
22.21811 False 724 730 0
22.23506 False 724 730 0
22.25201 False 724 730 0
22.26902 False 724 729 0
22.28597 False 724 728 0
22.30293 False 724 727 0
22.31987 False 724 725 0
22.33751 False 724 724 0
22.3545 False 724 722 0
22.37144 False 724 719 0
22.38839 False 723 715 0
22.4059 False 721 709 0
22.42285 False 720 707 0
22.4398 False 720 707 0
22.45675 False 720 707 0
22.4737 True 720 707 0
22.49065 False 720 707 0
22.5076 False 720 707 0
22.52455 False 719 705 0
22.54151 False 717 701 0
22.55847 False 717 697 0
22.57542 False 717 692 0
22.59238 False 718 684 0
22.60933 False 728 660 0
22.62628 False 737 640 0
22.64326 False 745 618 0
22.66021 False 750 590 0
22.67718 False 760 552 0
22.69413 False 772 479 0
22.71108 False 776 423 0
22.72802 False 766 362 0
22.74498 False 744 298 0
22.76194 False 722 259 0
22.77888 False 703 246 0
22.79584 False 694 248 0
22.81282 False 683 260 0
22.82977 False 667 279 0
22.84672 False 645 300 0
22.86367 False 622 318 0
22.88062 False 594 331 0
22.89757 False 585 340 0
22.91452 False 584 355 0
22.9315 False 591 372 0
22.94844 False 599 390 0
22.96539 False 606 411 0
22.98235 False 607 420 0
22.99931 False 609 427 0
23.01625 False 610 431 0
23.0332 False 610 436 0
23.05017 False 608 443 0
23.06712 False 607 447 0
23.08407 False 607 448 0
23.10104 False 607 448 0
23.11799 False 607 448 0
23.13498 False 607 448 0
23.15195 False 607 448 0
23.16891 True 607 448 0
23.18585 False 607 448 0
23.2028 False 607 448 0
23.21975 False 607 448 0
23.2367 False 607 448 0
23.25365 False 607 448 0
23.27061 False 607 448 0
23.28756 False 607 447 0
23.30451 False 611 446 0
23.32146 False 618 445 0
23.33841 False 642 444 0
23.35536 False 660 436 0
23.37231 False 675 427 0
23.38926 False 687 416 0
23.40622 False 699 410 0
23.42315 False 715 411 0
23.44011 False 734 425 0
23.45707 False 762 468 0
23.47401 False 772 492 0
23.49096 False 780 533 0
23.50791 False 780 580 0
23.52538 False 778 620 0
23.54235 False 774 658 0
23.55929 False 773 676 0
23.57624 False 773 691 0
23.59319 False 777 705 0
23.61014 False 781 718 0
23.62709 False 792 730 0
23.64456 False 803 738 0
23.66164 False 809 741 0
23.67856 False 810 742 0
23.69551 False 811 743 0
23.71246 False 813 744 0
23.7294 False 818 749 0
23.74636 False 823 753 0
23.76331 False 826 758 0
23.78026 False 827 759 0
23.7972 False 827 760 0
23.81415 False 827 761 0
23.8311 True 828 761 0
23.84805 False 828 761 0
23.865 False 828 761 0
23.88196 False 828 761 0
23.8989 False 828 761 0
23.91585 False 828 761 0
23.9334 False 828 761 0
23.95037 False 828 761 0
23.96733 False 828 761 0
23.98429 False 829 761 0
24.00125 False 839 762 0
24.01819 False 849 764 0
24.03514 False 856 766 0
24.05258 False 870 768 0
24.06954 False 890 768 0
24.08652 False 954 752 0
24.10348 False 1027 739 0
24.12043 False 1077 732 0
24.13737 False 1109 721 0
24.15432 False 1131 711 0
24.17129 False 1151 705 0
24.18827 False 1171 698 0
24.20523 False 1186 693 0
24.22217 False 1198 689 0
24.23913 False 1203 688 0
24.25608 False 1203 687 0
24.27303 False 1203 687 0
24.29005 False 1203 687 0
24.30699 False 1203 689 0
24.32394 False 1203 689 0
24.34136 False 1203 690 0
24.35831 False 1202 690 0
24.37526 True 1202 690 0
24.39221 False 1202 690 0
24.40916 False 1202 690 0
24.42611 False 1202 690 0
24.44308 False 1202 690 0
24.46003 False 1202 690 0
24.47698 False 1202 690 0
24.49393 False 1202 690 0
24.51088 False 1202 690 0
24.52783 False 1202 690 0
24.54481 False 1202 690 0
24.56176 False 1202 690 0
24.5787 False 1202 690 0
24.59566 False 1200 689 0
24.61261 False 1193 682 0
24.62958 False 1172 666 0
24.64652 False 1109 612 0
24.66347 False 1044 565 0
24.68043 False 961 519 0
24.6974 False 866 475 0
24.71435 False 781 427 0
24.73132 False 707 385 0
24.74827 False 692 370 0
24.76521 False 685 360 0
24.78218 False 681 352 0
24.79914 False 677 345 0
24.81608 False 672 337 0
24.83302 False 666 330 0
24.84997 False 651 319 0
24.86693 False 629 309 0
24.88389 False 600 296 0
24.90084 False 579 284 0
24.91779 False 570 277 0
24.93474 False 569 277 0
24.95171 False 575 281 0
24.96866 False 583 286 0
24.98561 False 588 290 0
25.00257 False 596 296 0
25.01954 False 601 301 0
25.03648 False 605 305 0
25.05343 False 607 308 0
25.07039 False 607 309 0
25.08734 False 608 311 0
25.10429 False 608 311 0
25.12125 False 608 311 0
25.1382 False 608 311 0
25.15516 False 608 311 0
25.17212 True 608 311 0
25.18909 False 608 311 0
25.20604 False 608 311 0
25.22299 False 608 311 0
25.23999 False 608 311 0
25.25694 False 608 311 0
25.27394 False 608 311 0
25.2909 False 610 310 0
25.30798 False 615 309 0
25.32577 False 620 309 0
25.34275 False 626 307 0
25.35971 False 628 307 0
25.37665 False 631 305 0
25.39369 False 640 305 0
25.41064 False 662 311 0
25.42765 False 715 330 0
25.44459 False 782 358 0
25.46154 False 841 394 0
25.47849 False 1000 496 0
25.49581 False 1034 514 0
25.51277 False 1075 539 0
25.52973 False 1099 552 0
25.54667 False 1118 560 0
25.56366 False 1124 562 0
25.58061 False 1131 563 0
25.59755 False 1141 565 0
25.61453 False 1152 569 0
25.63148 False 1166 574 0
25.64842 False 1180 578 0
25.66537 False 1210 584 0
25.68234 False 1238 592 0
25.69971 False 1255 596 0
25.71667 False 1258 596 0
25.73362 False 1258 595 0
25.75057 False 1258 593 0
25.76752 False 1258 591 0
25.78447 False 1258 591 0
25.80197 False 1258 591 0
25.81892 False 1258 590 0
25.83587 False 1266 587 0
25.85282 False 1277 586 0
25.86979 False 1282 586 0
25.88674 False 1283 586 0
25.90369 False 1283 586 0
25.92064 True 1283 586 0
25.93769 False 1283 586 0
25.95479 False 1283 586 0
25.9718 False 1283 586 0
25.98874 False 1283 586 0
26.00569 False 1283 586 0
26.02264 False 1283 586 0
26.03959 False 1283 586 0
26.05654 False 1281 586 0
26.07362 False 1270 590 0
26.09058 False 1250 598 0
26.10753 False 1229 607 0
26.12448 False 1201 618 0
26.14142 False 1191 619 0
26.15837 False 1186 620 0
26.17533 False 1185 620 0
26.19228 False 1184 612 0
26.20922 False 1184 592 0
26.22618 False 1191 548 0
26.24313 False 1196 517 0
26.26008 False 1197 486 0
26.27703 False 1195 455 0
26.29399 False 1186 412 0
26.31093 False 1176 365 0
26.32787 False 1161 301 0
26.34483 False 1152 274 0
26.36178 False 1143 257 0
26.37873 False 1130 242 0
26.39568 False 1116 230 0
26.41263 False 1099 211 0
26.42962 False 1092 200 0
26.44658 False 1087 192 0
26.46352 False 1085 188 0
26.48047 False 1084 187 0
26.49742 False 1083 184 0
26.51437 False 1083 182 0
26.53134 False 1083 169 0
26.54828 False 1084 163 0
26.56572 False 1086 156 0
26.58268 False 1088 145 0
26.59964 False 1088 135 0
26.61659 False 1088 128 0
26.6336 False 1088 124 0
26.65055 False 1089 121 0
26.67394 False 1091 119 0
26.69712 False 1091 119 0
26.71407 False 1091 119 0
26.73102 True 1091 119 0
26.74797 False 1091 119 0
26.7657 False 1091 119 0
26.78266 False 1091 119 0
26.79962 False 1091 119 0
26.81661 False 1091 119 0
26.83355 False 1091 119 0
26.8505 False 1091 118 0
26.86746 False 1091 118 0
26.8844 False 1091 118 0
26.90137 False 1091 118 0
26.91834 False 1091 120 0
26.93529 False 1091 127 0
26.95224 False 1093 138 0
26.96919 False 1093 150 0
26.98614 False 1085 160 0
27.00309 False 1071 164 0
27.02058 False 1043 163 0
27.03755 False 1020 158 0
27.05449 False 988 150 0
27.07144 False 955 142 0
27.08839 False 903 137 0
27.10534 False 875 136 0
27.1223 False 849 133 0
27.13924 False 826 131 0
27.15619 False 807 131 0
27.17315 False 779 133 0
27.19011 False 771 134 0
27.20706 False 757 136 0
27.22401 False 755 136 0
27.24098 False 754 137 0
27.25793 False 752 138 0
27.27488 False 747 138 0
27.29184 False 736 140 0
27.30879 False 732 143 0
27.32574 False 730 148 0
27.34294 False 730 163 0
27.35989 False 730 183 0
27.37684 False 729 193 0
27.39378 False 729 198 0
27.41074 False 728 199 0
27.42768 False 728 200 0
27.44464 False 728 200 0
27.46243 False 728 200 0
27.47938 False 728 200 0
27.49633 False 728 200 0
27.51377 False 728 200 0
27.53072 False 728 200 0
27.54767 False 728 200 0
27.56462 False 728 200 0
27.58208 False 728 200 0
27.59906 False 728 200 0
27.61601 False 728 200 0
27.63358 False 712 195 0
27.65054 False 700 189 0
27.66748 False 695 187 0
27.68445 False 694 186 0
27.70143 True 694 186 0
27.71855 False 694 186 0
27.73554 False 694 186 0
27.75249 False 694 186 0
27.76944 False 694 186 0
27.78639 False 694 186 0
27.80335 False 694 186 0
27.8203 False 694 186 0
27.83726 False 695 186 0
27.85421 False 697 187 0
27.87116 False 697 187 0
27.89286 False 697 187 0
27.90981 False 697 187 0
27.92751 False 697 187 0
27.94448 False 730 211 0
27.9616 False 790 253 0
27.97854 False 863 314 0
27.99549 False 948 360 0
28.01681 False 1127 414 0
28.03423 False 1157 424 0
28.05118 False 1207 433 0
28.06813 False 1252 444 0
28.08509 False 1272 451 0
28.10205 False 1291 458 0
28.11901 False 1312 465 0
28.13595 False 1333 473 0
28.15291 False 1352 476 0
28.16986 False 1371 478 0
28.18682 False 1377 478 0
28.20379 False 1380 480 0
28.22075 False 1380 480 0
28.2377 False 1380 480 0
28.25465 False 1380 480 0
28.27166 False 1380 480 0
28.28858 False 1380 479 0
28.30554 False 1377 478 0
28.32269 False 1368 472 0
28.33964 False 1348 463 0
28.35659 False 1339 458 0
28.37354 False 1333 455 0
28.39049 False 1331 453 0
28.40744 False 1327 450 0
28.42439 False 1323 448 0
28.44134 False 1321 447 0
28.45829 False 1321 447 0
28.47524 True 1321 447 0
28.49219 False 1321 447 0
28.50999 False 1321 447 0
28.52693 False 1321 447 0
28.5439 False 1321 447 0
28.56088 False 1321 447 0
28.57783 False 1321 447 0
28.59477 False 1321 447 0
28.61173 False 1321 447 0
28.62868 False 1321 447 0
28.64562 False 1321 450 0
28.66258 False 1321 459 0
28.67964 False 1320 476 0
28.69659 False 1287 521 0
28.71354 False 1236 551 0
28.73049 False 1162 576 0
28.74744 False 1071 595 0
28.76439 False 996 589 0
28.78134 False 951 579 0
28.79828 False 906 565 0
28.81524 False 874 544 0
28.83219 False 850 531 0
28.84913 False 831 519 0
28.86608 False 817 510 0
28.88303 False 799 502 0
28.89998 False 781 495 0
28.91738 False 756 487 0
28.93434 False 736 482 0
28.9513 False 713 476 0
28.96823 False 689 468 0
28.98518 False 671 462 0
29.00268 False 660 460 0
29.01963 False 657 460 0
29.03657 False 656 460 0
29.05352 False 655 460 0
29.07048 False 653 460 0
29.08743 False 648 460 0
29.10439 False 637 456 0
29.12138 False 615 449 0
29.13833 False 597 442 0
29.15978 False 588 437 0
29.17674 False 588 437 0
29.19369 False 588 437 0
29.21064 False 588 437 0
29.23418 False 588 437 0
29.25113 False 588 437 0
29.26846 False 588 437 0
29.2854 False 588 437 0
29.30255 True 588 436 0
29.3195 False 588 436 0
29.33644 False 588 436 0
29.3534 False 588 436 0
29.37035 False 588 436 0
29.38729 False 589 436 0
29.40425 False 589 436 0
29.42119 False 595 440 0
29.43814 False 599 443 0
29.45509 False 603 445 0
29.47204 False 609 450 0
29.48899 False 623 459 0
29.50594 False 641 472 0
29.52289 False 688 507 0
29.53984 False 733 539 0
29.55679 False 788 580 0
29.57374 False 834 623 0
29.59069 False 869 666 0
29.60764 False 882 710 0
29.62459 False 882 727 0
29.64158 False 876 737 0
29.65854 False 872 748 0
29.67548 False 870 758 0
29.69243 False 868 772 0
29.70938 False 867 777 0
29.72633 False 865 779 0
29.74329 False 865 779 0
29.76023 False 864 781 0
29.77718 False 862 782 0
29.79468 False 857 783 0
29.81163 False 849 783 0
29.82858 False 847 783 0
29.84554 False 847 783 0
29.86249 False 847 783 0
29.87944 False 847 783 0
29.89639 False 846 783 0
29.91334 False 846 783 0
29.93028 True 846 783 0
29.94724 False 846 783 0
29.96419 False 846 783 0
29.98114 False 846 783 0
29.99861 False 846 783 0
30.01555 False 846 783 0
30.0325 False 845 783 0
30.04948 False 845 782 0
30.06642 False 845 781 0
30.08337 False 848 778 0
30.10032 False 861 776 0
30.11731 False 874 777 0
30.13426 False 888 777 0
30.15121 False 892 777 0
30.16816 False 904 777 0
30.18511 False 919 777 0
30.20207 False 935 780 0
30.21903 False 945 782 0
30.23598 False 948 784 0
30.25295 False 948 784 0
30.26989 False 948 784 0
30.28684 False 948 784 0
30.30386 False 948 784 0
30.32082 False 948 784 0
30.33777 True 948 784 0
30.35473 False 948 784 0
30.37173 False 948 784 0
30.38869 False 948 784 0
30.40565 False 948 784 0
30.42258 False 948 784 0
30.43953 False 948 784 0
30.45649 False 948 781 0
30.47343 False 950 780 0
30.49038 False 956 779 0
30.50733 False 966 779 0
30.52431 False 984 782 0
30.54126 False 996 783 0
30.55821 False 1006 781 0
30.57516 False 1015 776 0
30.59211 False 1027 768 0
30.60906 False 1044 753 0
30.62601 False 1063 730 0
30.64296 False 1094 677 0
30.65991 False 1105 636 0
30.67686 False 1117 588 0
30.69383 False 1129 542 0
30.71078 False 1140 501 0
30.72773 False 1157 453 0
30.74471 False 1167 434 0
30.76166 False 1175 421 0
30.77861 False 1180 415 0
30.79559 False 1184 410 0
30.81254 False 1188 407 0
30.82948 False 1192 405 0
30.84644 False 1197 402 0
30.86338 False 1202 396 0
30.88036 False 1209 385 0
30.89732 False 1215 374 0
30.91426 False 1223 365 0
30.93123 False 1241 350 0
30.94817 False 1257 336 0
30.96512 False 1268 326 0
30.98208 False 1274 320 0
30.99903 False 1279 316 0
31.01599 False 1281 313 0
31.03293 False 1281 312 0
31.04989 False 1281 311 0
31.06683 False 1280 310 0
31.08378 False 1280 310 0
31.10074 False 1280 310 0
31.11769 False 1280 310 0
31.13466 False 1280 310 0
31.15161 False 1279 310 0
31.16857 False 1279 310 0
31.18552 True 1279 310 0
31.20246 False 1279 310 0
31.21942 False 1279 310 0
31.23636 False 1279 310 0
31.25331 False 1279 310 0
31.27085 False 1279 310 0
31.28782 False 1278 310 0
31.30476 False 1278 310 0
31.32172 False 1278 310 0
31.33867 False 1278 310 0
31.35565 False 1274 307 0
31.37267 False 1266 301 0
31.38964 False 1254 293 0
31.40659 False 1247 289 0
31.42354 False 1237 283 0
31.44144 False 1222 274 0
31.45839 False 1189 249 0
31.47534 False 1154 220 0
31.49229 False 1106 189 0
31.50924 False 1060 159 0
31.52619 False 1017 134 0
31.54314 False 966 110 0
31.56009 False 915 91 0
31.57705 False 876 77 0
31.59399 False 861 71 0
31.61094 False 853 69 0
31.62789 False 852 69 0
31.64484 False 852 69 0
31.66181 False 852 69 0
31.67876 False 852 69 0
31.69637 False 851 69 0
31.71896 False 849 74 0
31.73591 False 846 78 0
31.75286 False 840 88 0
31.76981 False 831 99 0
31.78676 False 817 118 0
31.80395 False 812 125 0
31.82091 False 807 128 0
31.83788 False 805 129 0
31.85482 False 805 129 0
31.87178 True 805 129 0
31.88873 False 805 129 0
31.90568 False 805 129 0
31.92266 False 805 129 0
31.93961 False 805 129 0
31.95655 False 805 129 0
31.97351 False 805 129 0
31.9905 False 805 129 0
32.00745 False 805 129 0
32.02441 False 805 129 0
32.04136 False 805 129 0
32.0583 False 805 131 0
32.07525 False 808 136 0
32.0922 False 814 145 0
32.10915 False 826 159 0
32.12609 False 844 173 0
32.14305 False 868 181 0
32.16 False 873 181 0
32.17695 False 878 179 0
32.1939 False 886 172 0
32.21086 False 895 160 0
32.22782 False 906 145 0
32.24477 False 917 135 0
32.26173 False 929 128 0
32.27868 False 938 124 0
32.29563 False 946 122 0
32.31258 False 951 120 0
32.32957 False 951 120 0
32.34652 False 951 120 0
32.36347 False 951 120 0
32.38043 False 951 117 0
32.39738 False 952 114 0
32.41432 False 953 113 0
32.43129 False 954 112 0
32.44827 False 954 112 0
32.46522 False 954 112 0
32.48217 False 954 112 0
32.49911 False 954 112 0
32.51606 False 954 112 0
32.53301 False 954 109 0
32.54997 False 954 105 0
32.56691 False 953 101 0
32.58387 False 953 100 0
32.60125 False 953 100 0
32.61822 False 953 100 0
32.63516 False 953 100 0
32.65211 True 953 100 0
32.66906 False 953 100 0
32.68652 False 953 100 0
32.70348 False 953 100 0
32.72044 False 953 100 0
32.7374 False 953 100 0
32.75434 False 953 100 0
32.77132 False 953 100 0
32.78827 False 953 100 0
32.80522 False 953 100 0
32.82216 False 954 105 0
32.83914 False 956 114 0
32.85609 False 958 122 0
32.87304 False 958 125 0
32.88998 False 958 130 0
32.90694 False 958 139 0
32.92389 False 950 161 0
32.94085 False 938 186 0
32.95779 False 913 213 0
32.97475 False 860 238 0
32.9917 False 809 244 0
33.00866 False 759 245 0
33.02562 False 715 251 0
33.04287 False 674 262 0
33.05982 False 653 268 0
33.07678 False 650 268 0
33.09374 False 649 268 0
33.11069 False 648 268 0
33.12768 False 647 268 0
33.14463 False 647 268 0
33.16209 False 647 268 0
33.17901 False 645 271 0
33.19596 False 641 275 0
33.21291 False 639 279 0
33.22989 False 638 290 0
33.24684 False 638 302 0
33.26429 False 638 317 0
33.28127 False 638 322 0
33.29821 False 637 323 0
33.31518 False 637 323 0
33.33213 False 637 323 0
33.34908 True 637 323 0
33.36603 False 637 323 0
33.38298 False 637 323 0
33.39993 False 637 323 0
33.41739 False 637 323 0
33.43436 False 637 323 0
33.45131 False 637 323 0
33.46827 False 637 323 0
33.48522 False 641 324 0
33.50218 False 647 326 0
33.51913 False 657 328 0
33.53608 False 669 329 0
33.55303 False 671 328 0
33.57 False 672 326 0
33.58694 False 672 322 0
33.60391 False 672 317 0
33.62087 False 693 311 0
33.63782 False 742 305 0
33.65477 False 870 306 0
33.67175 False 917 310 0
33.6887 False 1007 312 0
33.70566 False 1094 314 0
33.72308 False 1162 313 0
33.74004 False 1242 298 0
33.75701 False 1267 292 0
33.77396 False 1280 284 0
33.79093 False 1284 277 0
33.80787 False 1286 269 0
33.82482 False 1286 265 0
33.84177 False 1286 263 0
33.85872 False 1284 259 0
33.87567 False 1276 254 0
33.89262 False 1264 247 0
33.91011 False 1252 241 0
33.92706 False 1235 230 0
33.94401 False 1226 224 0
33.961 False 1214 216 0
33.97794 False 1200 205 0
33.99489 False 1193 198 0
34.01184 False 1191 194 0
34.0288 False 1190 190 0
34.04575 False 1190 188 0
34.06269 False 1190 188 0
34.07966 False 1190 186 0
34.09662 False 1190 185 0
34.11357 False 1190 184 0
34.13052 False 1190 183 0
34.14746 False 1190 182 0
34.16451 False 1190 182 0
34.18759 False 1190 182 0
34.20454 False 1190 182 0
34.22149 False 1190 182 0
34.23844 False 1190 182 0
34.25539 False 1192 184 0
34.27236 False 1197 188 0
34.28931 False 1199 189 0
34.30626 False 1200 189 0
34.32322 False 1200 189 0
34.34016 False 1200 189 0
34.35711 False 1200 189 0
34.37406 False 1200 189 0
34.39101 True 1202 190 0
34.40796 False 1202 190 0
34.42492 False 1202 190 0
34.44186 False 1202 190 0
34.45882 False 1202 190 0
34.47577 False 1202 190 0
34.49272 False 1202 190 0
34.50966 False 1202 191 0
34.52661 False 1205 193 0
34.54356 False 1207 194 0
34.56052 False 1207 195 0
34.57746 False 1208 195 0
34.59441 False 1208 195 0
34.61136 False 1208 195 0
34.62831 False 1209 199 0
34.64526 False 1213 224 0
34.66221 False 1222 320 0
34.67916 False 1230 435 0
34.69611 False 1213 551 0
34.71306 False 1196 644 0
34.73001 False 1186 687 0
34.74696 False 1185 702 0
34.76441 False 1185 709 0
34.78136 False 1185 713 0
34.79835 False 1185 713 0
34.8153 False 1185 713 0
34.83225 False 1185 713 0
34.8492 False 1185 713 0
34.86666 False 1181 723 0
34.88363 False 1174 736 0
34.90057 False 1164 746 0
34.91759 False 1153 753 0
34.93454 False 1140 757 0
34.95149 False 1130 759 0
34.96844 False 1121 762 0
34.98539 False 1114 765 0
35.00233 False 1103 769 0
35.01929 False 1094 770 0
35.03624 False 1092 770 0
35.0533 True 1092 770 0
35.07024 False 1092 770 0
35.0872 False 1092 770 0
35.10418 False 1092 770 0
35.12113 False 1092 770 0
35.13808 False 1092 770 0
35.15503 False 1092 770 0
35.17201 False 1092 770 0
35.18895 False 1092 770 0
35.2059 False 1092 770 0
35.22286 False 1092 770 0
35.2398 False 1091 770 0
35.25675 False 1083 764 0
35.2737 False 1069 757 0
35.29065 False 1058 745 0
35.30761 False 1050 728 0
35.32455 False 1053 712 0
35.34154 False 1067 706 0
35.35849 False 1085 704 0
35.3755 False 1108 702 0
35.39245 False 1127 702 0
35.41138 False 1155 703 0
35.42834 False 1159 703 0
35.44529 False 1161 701 0
35.46224 False 1162 700 0
35.47967 False 1162 700 0
35.49662 False 1164 699 0
35.51358 False 1164 699 0
35.53055 False 1164 699 0
35.54775 False 1164 699 0
35.56474 False 1164 699 0
35.58168 False 1164 699 0
35.59863 False 1167 698 0
35.61559 False 1172 698 0
35.63253 False 1178 699 0
35.64949 False 1184 699 0
35.66644 False 1194 699 0
35.68389 False 1202 699 0
35.70089 False 1206 699 0
35.71783 False 1206 699 0
35.73479 True 1206 699 0
35.75174 False 1206 699 0
35.76868 False 1206 699 0
35.78565 False 1206 699 0
35.80259 False 1206 699 0
35.81954 False 1206 699 0
35.83651 False 1206 697 0
35.85346 False 1205 695 0
35.87041 False 1206 694 0
35.88736 False 1210 692 0
35.90431 False 1212 691 0
35.92126 False 1213 689 0
35.93822 False 1215 685 0
35.95517 False 1215 678 0
35.97212 False 1212 657 0
35.98907 False 1202 649 0
36.00604 False 1187 647 0
36.02299 False 1166 649 0
36.03995 False 1136 657 0
36.0569 False 1043 669 0
36.07385 False 963 676 0
36.09081 False 867 682 0
36.10776 False 776 689 0
36.12471 False 711 685 0
36.14166 False 682 682 0
36.15868 False 679 682 0
36.17562 False 679 682 0
36.19258 False 680 684 0
36.20953 False 680 685 0
36.22647 False 680 686 0
36.24342 False 680 687 0
36.26037 False 681 689 0
36.27732 False 681 690 0
36.29427 False 681 690 0
36.31137 False 681 690 0
36.32835 False 681 690 0
36.34536 True 681 690 0
36.36225 False 681 690 0
36.3792 False 681 690 0
36.39614 False 682 690 0
36.41309 False 682 690 0
36.43007 False 682 690 0
36.44702 False 682 690 0
36.46397 False 682 690 0
36.48092 False 683 690 0
36.49795 False 683 689 0
36.5149 False 684 684 0
36.53185 False 685 678 0
36.54879 False 689 670 0
36.56619 False 695 660 0
36.58315 False 698 651 0
36.60012 False 696 637 0
36.61707 False 676 601 0
36.63401 False 660 578 0
36.65103 False 644 558 0
36.67449 False 614 534 0
36.69144 False 614 534 0
36.70862 False 612 533 0
36.72577 False 610 533 0
36.74272 False 607 534 0
36.75967 False 602 535 0
36.77672 False 597 537 0
36.79417 False 596 548 0
36.81112 False 598 560 0
36.82808 False 603 571 0
36.84502 False 609 581 0
36.86197 False 613 585 0
36.87891 False 614 586 0
36.89586 True 614 586 0
36.91376 False 614 586 0
36.93071 False 614 586 0
36.94767 False 614 586 0
36.96462 False 614 586 0
36.98158 False 614 586 0
36.99854 False 615 586 0
37.01548 False 616 586 0
37.03244 False 618 581 0
37.04939 False 619 575 0
37.06634 False 621 568 0
37.0833 False 622 559 0
37.10025 False 623 548 0
37.11723 False 623 538 0
37.13418 False 623 527 0
37.15123 False 626 512 0
37.16818 False 650 486 0
37.18513 False 686 452 0
37.20208 False 722 412 0
37.21903 False 740 388 0
37.2363 False 755 362 0
37.25324 False 792 303 0
37.27019 False 820 260 0
37.28714 False 842 220 0
37.30409 False 856 194 0
37.32104 False 871 174 0
37.33799 False 885 162 0
37.35494 False 901 151 0
37.3719 False 911 145 0
37.38884 False 912 144 0
37.40579 False 912 142 0
37.42324 False 912 141 0
37.44019 False 913 133 0
37.45715 False 913 125 0
37.47409 False 913 119 0
37.49104 False 913 117 0
37.50799 False 913 116 0
37.52523 False 915 115 0
37.54218 False 919 112 0
37.55915 False 922 110 0
37.57609 False 924 108 0
37.59306 False 925 107 0
37.61002 False 927 105 0
37.6271 False 930 102 0
37.64406 False 935 101 0
37.66101 False 938 99 0
37.67799 False 940 99 0
37.69495 False 940 99 0
37.71191 False 940 99 0
37.72886 False 940 99 0
37.7458 True 940 99 0
37.76274 False 942 97 0
37.7797 False 942 97 0
37.79667 False 942 97 0
37.81363 False 943 97 0
37.83058 False 943 97 0
37.84753 False 943 97 0
37.86448 False 943 97 0
37.88143 False 943 97 0
37.89838 False 943 97 0
37.91534 False 943 97 0
37.93233 False 943 97 0
37.94928 False 943 97 0
37.96627 False 943 97 0
37.98322 False 943 97 0
38.00017 False 950 117 0
38.01712 False 1000 217 0
38.03407 False 1030 317 0
38.05102 False 1062 425 0
38.06797 False 1096 493 0
38.08492 False 1129 538 0
38.10188 False 1171 582 0
38.11884 False 1189 601 0
38.13581 False 1201 619 0
38.15275 False 1210 638 0
38.1697 False 1218 650 0
38.18668 False 1230 669 0
38.20364 False 1236 683 0
38.22058 False 1240 702 0
38.23753 False 1242 722 0
38.25447 False 1243 740 0
38.27142 False 1240 752 0
38.28899 False 1236 757 0
38.30595 False 1235 757 0
38.32289 False 1233 757 0
38.33984 False 1229 757 0
38.3568 False 1227 755 0
38.37374 False 1225 752 0
38.39069 False 1223 746 0
38.40764 False 1222 740 0
38.4246 False 1221 732 0
38.44154 False 1220 723 0
38.4585 False 1218 717 0
38.47545 False 1218 712 0
38.4924 False 1218 710 0
38.50987 False 1217 709 0
38.52682 False 1217 709 0
