0 0 976 698 0
8 0.9477737 1208 686 0
9 1.406194 1106 742 0
14 2.230916 825 134 0
2 2.937403 954 94 0
6 3.735869 1323 433 0
4 4.591712 609 457 0
12 5.46241 1286 324 0
1 6.194022 936 779 0
7 7.282393 704 184 0
13 8.005792 1072 125 0
11 8.637082 1284 593 0
15 9.344779 644 582 0
5 10.09222 715 682 0
3 10.94345 1195 194 0
16 11.71009 635 311 0
10 12.37957 803 771 0
12 13.23987 1274 317 0
7 14.26869 709 187 0
11 15.16884 1287 579 0
14 15.9005 830 111 0
13 16.56217 1096 131 0
15 17.18219 647 593 0
9 17.81006 1088 772 0
2 18.93202 947 102 0
1 19.66958 970 795 0
6 20.38343 1319 440 0
3 21.45258 1192 191 0
5 22.4737 720 707 0
4 23.16891 607 448 0
10 23.8311 828 761 0
8 24.37526 1202 690 0
16 25.17212 608 311 0
11 25.92064 1283 586 0
13 26.73102 1091 119 0
7 27.70143 694 186 0
6 28.47524 1321 447 0
4 29.30255 588 436 0
10 29.93028 846 783 0
1 30.33777 948 784 0
12 31.18552 1279 310 0
14 31.87178 805 129 0
2 32.65211 953 100 0
16 33.34908 637 323 0
3 34.39101 1202 190 0
9 35.0533 1092 770 0
8 35.73479 1206 699 0
5 36.34536 681 690 0
15 36.89586 614 586 0
2 37.7458 940 99 0
8 38.5438 1217 709 0
