68.72232 954 805.5001
34.36124 954 89.50013
27.48968 1207.106 194.394
34.36124 596.0001 447.5
54.9791 700.894 700.606
41.23343 1312 447.5
34.36196 700.894 194.394
54.9791 1207.106 700.606
61.8419 1090.935 778.6501
61.8419 817.065 778.6501
48.09929 1285.15 584.4351
34.35667 1285.15 310.5649
34.35667 1090.935 116.3499
34.35667 817.065 116.3499
41.22793 622.85 584.4351
34.35667 622.85 310.5649
82.92749 960 972.0001
82.92749 960 108.0002
82.92921 1265.424 234.576
82.92748 528 540
82.92921 654.5759 845.424
82.92748 1392 540
82.71519 654.5759 234.576
82.92921 1265.424 845.424
82.91645 1125.24 939.6002
82.91645 794.76 939.6002
82.9165 1359.6 705.2401
82.91644 1359.6 374.7599
82.91644 1125.24 140.3999
82.91644 794.76 140.3999
82.9165 560.4 705.2401
82.91644 560.4 374.7599
68.72232 954 805.5001
68.72232 954 89.50013
68.72375 1207.106 194.394
68.72231 596.0001 447.5
68.72375 700.894 700.606
68.72231 1312 447.5
68.54639 700.894 194.394
68.72375 1207.106 700.606
68.71317 1090.935 778.6501
68.71317 817.065 778.6501
68.71321 1285.15 584.4351
68.71317 1285.15 310.5649
68.71317 1090.935 116.3499
68.71317 817.065 116.3499
68.71321 622.85 584.4351
68.71317 622.85 310.5649
82.92749 960 972.0001
82.92749 960 108.0002
82.92921 1265.424 234.576
82.92748 528 540
82.92921 654.5759 845.424
82.92748 1392 540
82.71519 654.5759 234.576
82.92921 1265.424 845.424
82.91645 1125.24 939.6002
82.91645 794.76 939.6002
82.9165 1359.6 705.2401
82.91644 1359.6 374.7599
82.91644 1125.24 140.3999
82.91644 794.76 140.3999
82.9165 560.4 705.2401
82.91644 560.4 374.7599
