0.02 False 1125 631 0
0.04 False 1125 631 0
0.1011024 False 1125 631 0
0.1296811 False 1125 631 0
0.1397447 False 1125 631 0
0.1493966 False 1125 631 0
0.1598297 False 1125 631 0
0.1607993 False 1125 631 0
0.1729461 False 1125 631 0
0.1864589 False 1125 631 0
0.2020142 False 1125 631 0
0.2190276 False 1125 631 0
0.234981 False 1125 631 0
0.2520275 False 1125 631 0
0.2690294 False 1125 631 0
0.2850041 False 1125 631 0
0.3020648 False 1125 631 0
0.3190462 False 1125 631 0
0.3350712 False 1125 631 0
0.3520513 False 1125 631 0
0.3690378 False 1125 631 0
0.3850195 False 1125 631 0
0.4020562 False 1125 631 0
0.419012 False 1125 631 0
0.4350369 False 1125 631 0
0.452063 False 1125 631 0
0.4690383 False 1125 631 0
0.4850237 False 1125 631 0
0.5020123 False 1125 631 0
0.5190404 False 1125 631 0
0.53554 False 1125 631 0
0.552474 False 1125 631 0
0.5694287 False 1125 631 0
0.5854056 False 1125 631 0
0.6024112 False 1125 631 0
0.618983 False 1125 631 0
0.635944 False 1122 629 0
0.6529883 False 1110 623 0
0.6689343 False 1092 614 0
0.6860808 False 1060 594 0
0.7030749 False 1008 566 0
0.7189979 False 918 520 0
0.7359723 False 878 504 0
0.7528862 False 855 498 0
0.7688734 False 841 494 0
0.7858607 False 832 493 0
0.8027887 False 826 492 0
0.8197832 False 823 491 0
0.8355646 False 823 491 0
0.8524607 False 823 491 0
0.885231 False 823 491 0
0.8865796 False 823 491 0
0.9024562 False 823 491 0
0.919455 False 823 491 0
0.9363965 False 823 491 0
0.9524101 False 823 491 0
0.9694825 False 823 491 0
0.9864018 False 823 491 0
1.002417 False 823 491 0
1.019499 False 823 491 0
1.036433 False 823 491 0
1.052424 False 823 491 0
1.069465 False 823 491 0
1.086815 False 826 492 0
1.103743 False 831 493 0
1.119695 False 838 495 0
1.136617 False 847 497 0
1.1536 False 858 497 0
1.169659 False 874 497 0
1.186709 False 908 491 0
1.20361 False 932 489 0
1.219639 False 951 488 0
1.236628 False 967 488 0
1.253579 False 985 488 0
1.269688 False 998 489 0
1.286684 False 1002 491 0
1.3035 False 1002 491 0
1.319556 False 1003 491 0
1.336689 False 1003 491 0
1.353606 False 1004 495 0
1.369634 False 1006 503 0
1.387092 False 1006 510 0
1.40306 False 1006 515 0
1.420141 False 1003 521 0
1.436948 False 997 526 0
1.453914 False 989 532 0
1.469898 False 979 539 0
1.486847 False 972 542 0
1.503859 False 967 544 0
1.51974 False 963 545 0
1.53673 False 958 544 0
1.553645 False 954 542 0
1.570742 False 951 540 0
1.586864 False 950 539 0
1.603678 False 949 538 0
1.620615 False 948 536 0
1.636595 False 947 535 0
1.653694 False 946 534 0
1.670679 False 946 532 0
1.686655 False 946 531 0
1.703662 False 945 530 0
1.720454 False 945 530 0
1.736409 False 945 530 0
1.753396 False 945 530 0
1.770535 False 945 530 0
1.787307 False 945 530 0
1.803258 False 945 530 0
1.820272 False 945 530 0
1.837139 False 945 530 0
1.854078 False 945 530 0
1.870392 False 945 530 0
1.88716 False 945 530 0
1.90401 False 945 530 0
1.921212 False 945 530 0
1.936905 False 945 530 0
1.953816 False 945 530 0
1.970762 False 945 530 0
1.986711 False 945 530 0
2.003743 False 945 530 0
2.020631 False 945 530 0
2.03633 False 945 530 0
2.053663 False 945 530 0
2.070495 False 945 530 0
2.087502 False 945 530 0
2.104361 False 945 530 0
2.120645 False 945 529 0
2.137554 False 961 545 0
2.154454 False 1021 624 0
2.170505 False 1089 732 0
2.187463 False 1126 820 0
2.204362 False 1149 927 0
2.220834 False 1154 949 0
2.237771 False 1156 953 0
2.254718 False 1156 955 0
2.270741 False 1156 956 0
2.287494 False 1156 956 0
2.304419 False 1156 956 0
2.320507 False 1156 958 0
2.337587 False 1156 962 0
2.354401 False 1156 966 0
2.371284 False 1153 968 0
2.387418 False 1149 968 0
2.404327 False 1148 968 0
2.421185 False 1147 968 0
2.438004 False 1147 968 0
2.454023 False 1147 968 0
2.470984 False 1147 968 0
2.487851 False 1147 968 0
2.504095 True 1147 968 0
2.520925 False 1147 968 0
2.53828 False 1147 968 0
2.554838 False 1147 968 0
2.570786 False 1147 968 0
2.587688 False 1147 968 0
2.604571 False 1147 968 0
2.621708 False 1147 968 0
2.637755 False 1147 968 0
2.654495 False 1147 968 0
2.671377 False 1147 968 0
2.687465 False 1147 968 0
2.704315 False 1147 968 0
2.721253 False 1147 968 0
2.738206 False 1147 968 0
2.754198 False 1147 968 0
2.771181 False 1147 968 0
2.78833 False 1133 967 0
2.804307 False 1115 967 0
2.821599 False 1098 967 0
2.837635 False 1075 968 0
2.854571 False 1054 970 0
2.871501 False 1039 971 0
2.888462 False 1032 971 0
2.904541 False 1027 972 0
2.921415 False 1022 974 0
2.938317 False 1016 975 0
2.954302 False 1010 977 0
2.971259 False 1004 978 0
2.988153 False 994 980 0
3.005153 False 988 980 0
3.021423 False 984 980 0
3.03828 False 983 980 0
3.055087 False 983 980 0
3.07109 False 983 980 0
3.088165 False 978 980 0
3.105125 False 974 979 0
3.122089 True 974 979 0
3.137998 False 974 979 0
3.154859 False 974 979 0
3.171834 False 974 979 0
3.188717 False 974 979 0
3.204696 False 974 979 0
3.221833 False 974 979 0
3.238716 False 974 979 0
3.254636 False 974 979 0
3.27153 False 974 979 0
3.28848 False 974 979 0
3.305442 False 974 979 0
3.322057 False 973 979 0
3.339012 False 958 973 0
3.355024 False 939 966 0
3.372147 False 898 949 0
3.388885 False 860 940 0
3.404869 False 815 931 0
3.421833 False 778 922 0
3.438728 False 735 904 0
3.455696 False 697 887 0
3.471647 False 667 875 0
3.488627 False 657 869 0
3.505538 False 657 869 0
3.522085 False 656 869 0
3.538873 False 656 869 0
3.554847 False 656 869 0
3.571811 False 656 869 0
3.588778 False 656 869 0
3.605737 False 656 869 0
3.622875 False 656 868 0
3.63879 False 655 867 0
3.655745 False 655 866 0
3.672537 False 655 866 0
3.688705 True 655 866 0
3.705528 False 655 866 0
3.721791 False 655 866 0
3.73875 False 655 866 0
3.755762 False 655 866 0
3.772735 False 654 866 0
3.788817 False 654 866 0
3.805708 False 654 866 0
3.822061 False 654 866 0
3.838998 False 654 866 0
3.855971 False 654 866 0
3.873043 False 653 865 0
3.888979 False 651 849 0
3.905959 False 651 840 0
3.922423 False 653 832 0
3.939183 False 670 819 0
3.956123 False 742 794 0
3.972134 False 815 787 0
3.989062 False 880 785 0
4.006056 False 939 787 0
4.022328 False 986 790 0
4.039295 False 1020 791 0
4.05623 False 1059 798 0
4.072159 False 1087 800 0
4.089137 False 1114 803 0
4.106066 False 1123 805 0
4.122539 False 1125 805 0
4.139528 False 1125 806 0
4.156265 False 1125 806 0
4.172414 False 1126 806 0
4.189378 False 1134 806 0
4.206331 False 1161 809 0
4.222765 False 1175 813 0
4.23973 False 1183 817 0
4.255765 False 1191 821 0
4.272661 False 1209 828 0
4.289595 False 1231 835 0
4.306525 False 1248 840 0
4.322886 False 1248 840 0
4.339968 False 1249 840 0
4.356984 False 1250 841 0
4.372895 False 1251 841 0
4.38985 False 1252 842 0
4.406827 False 1253 842 0
4.422623 False 1253 842 0
4.439567 False 1253 842 0
4.45674 True 1253 842 0
4.473556 False 1253 842 0
4.489498 False 1253 842 0
4.506409 False 1253 842 0
4.523369 False 1253 842 0
4.539331 False 1253 842 0
4.556431 False 1253 842 0
4.573356 False 1253 842 0
4.590146 False 1253 842 0
4.60623 False 1253 842 0
4.623115 False 1253 842 0
4.640203 False 1253 833 0
4.656171 False 1250 805 0
4.673071 False 1241 781 0
4.690069 False 1223 746 0
4.707002 False 1201 715 0
4.723001 False 1175 702 0
4.739985 False 1141 701 0
4.756829 False 1103 712 0
4.773821 False 1053 736 0
4.789784 False 959 743 0
4.806751 False 885 746 0
4.823281 False 824 744 0
4.840286 False 764 737 0
4.857237 False 719 733 0
4.873202 False 684 729 0
4.890124 False 648 720 0
4.907085 False 639 716 0
4.923045 False 636 714 0
4.940051 False 631 711 0
4.956985 False 617 710 0
4.973914 False 602 709 0
4.989887 False 594 709 0
5.006755 False 591 711 0
5.023814 False 586 713 0
5.040671 False 580 716 0
5.056687 False 574 717 0
5.073656 False 572 717 0
5.090488 False 572 717 0
5.106866 False 572 717 0
5.123981 True 572 717 0
5.13996 False 572 717 0
5.156781 False 572 717 0
5.173652 False 572 717 0
5.19125 False 572 717 0
5.206659 False 572 717 0
5.223833 False 572 717 0
5.24066 False 572 717 0
5.2565 False 572 717 0
5.273484 False 572 717 0
5.290401 False 572 717 0
5.307462 False 574 717 0
5.323443 False 596 715 0
5.340429 False 620 710 0
5.357432 False 659 702 0
5.374331 False 779 687 0
5.39022 False 885 690 0
5.407301 False 1005 687 0
5.424149 False 1115 679 0
5.440181 False 1208 674 0
5.457191 False 1302 666 0
5.474127 False 1402 649 0
5.490966 False 1425 648 0
5.507018 False 1429 648 0
5.523925 False 1430 649 0
5.540831 False 1430 652 0
5.557809 False 1424 657 0
5.573811 False 1416 663 0
5.590726 False 1408 669 0
5.607693 False 1407 673 0
5.624648 False 1407 677 0
5.640654 False 1407 683 0
5.657535 False 1407 688 0
5.674477 False 1402 695 0
5.690509 False 1395 701 0
5.707502 False 1390 702 0
5.724403 False 1389 702 0
5.741228 False 1389 702 0
5.757176 False 1389 702 0
5.77435 True 1388 702 0
5.791171 False 1387 702 0
5.807027 False 1387 702 0
5.82397 False 1387 702 0
5.840995 False 1387 702 0
5.857935 False 1387 702 0
5.874071 False 1387 702 0
5.891037 False 1387 702 0
5.90785 False 1387 702 0
5.924212 False 1387 702 0
5.941257 False 1372 693 0
5.957731 False 1337 677 0
5.974652 False 1280 650 0
5.990641 False 1222 630 0
6.007567 False 1145 606 0
6.024482 False 1054 582 0
6.041445 False 954 558 0
6.057407 False 876 536 0
6.074368 False 781 489 0
6.091262 False 734 462 0
6.108279 False 711 441 0
6.124272 False 701 420 0
6.14169 False 698 401 0
6.15819 False 698 371 0
6.17416 False 704 360 0
6.191256 False 712 341 0
6.208084 False 721 313 0
6.224999 False 731 278 0
6.241025 False 741 249 0
6.25793 False 754 222 0
6.274837 False 763 201 0
6.291903 False 766 182 0
6.307797 False 766 158 0
6.324763 False 764 148 0
6.341617 False 763 146 0
6.358162 False 763 146 0
6.375127 False 763 146 0
6.391094 False 763 146 0
6.408053 False 763 146 0
6.424962 False 763 146 0
6.440932 False 763 146 0
6.457917 False 763 146 0
6.475008 False 764 146 0
6.491886 False 764 146 0
6.507793 False 764 146 0
6.52474 False 764 146 0
6.541834 True 764 146 0
6.558669 False 764 146 0
6.574649 False 764 146 0
6.591572 False 764 146 0
6.608682 False 764 146 0
6.624604 False 764 146 0
6.641479 False 764 146 0
6.658485 False 765 146 0
6.675498 False 766 147 0
6.691418 False 769 150 0
6.708394 False 779 157 0
6.725249 False 790 169 0
6.742209 False 810 203 0
6.758283 False 819 216 0
6.775148 False 820 222 0
6.792148 False 822 243 0
6.809078 False 822 282 0
6.825146 False 812 337 0
6.841259 False 778 426 0
6.858963 False 728 506 0
6.876092 False 666 564 0
6.891954 False 638 578 0
6.908872 False 618 585 0
6.925805 False 597 592 0
6.94176 False 579 597 0
6.95882 False 568 600 0
6.975641 False 563 600 0
6.991622 False 559 600 0
7.008601 False 553 597 0
7.025531 False 552 596 0
7.042492 False 551 596 0
7.058327 False 551 596 0
7.07528 False 551 596 0
7.092219 False 551 596 0
7.108686 False 551 596 0
7.125768 False 551 595 0
7.142746 False 549 588 0
7.158727 False 546 581 0
7.175653 False 544 576 0
7.192631 False 542 573 0
7.208626 False 540 569 0
7.225688 True 538 567 0
7.241968 False 538 566 0
7.258841 False 538 566 0
7.275741 False 538 566 0
7.292675 False 538 566 0
7.308682 False 538 566 0
7.325803 False 538 566 0
7.342689 False 538 566 0
7.359512 False 538 566 0
7.375499 False 538 566 0
7.392467 False 538 566 0
7.4094 False 538 566 0
7.425513 False 543 570 0
7.442134 False 574 595 0
7.459085 False 600 611 0
7.476009 False 613 615 0
7.49295 False 619 615 0
7.508919 False 638 604 0
7.525899 False 674 576 0
7.54282 False 707 534 0
7.55973 False 723 477 0
7.575746 False 724 419 0
7.592696 False 719 356 0
7.609625 False 719 331 0
7.626595 False 720 320 0
7.642573 False 720 318 0
7.659497 False 720 317 0
7.676493 False 712 314 0
7.692477 False 706 312 0
7.709434 False 702 311 0
7.726302 False 698 308 0
7.742971 False 692 302 0
7.759925 False 680 290 0
7.775866 False 665 277 0
7.792885 False 656 270 0
7.809795 False 646 260 0
7.826722 False 638 253 0
7.843068 False 632 247 0
7.860092 False 630 243 0
7.876082 False 630 243 0
7.893027 False 630 242 0
7.90998 True 630 242 0
7.925856 False 630 242 0
7.942822 False 630 242 0
7.959738 False 630 242 0
7.976686 False 630 242 0
7.992693 False 630 242 0
8.009824 False 630 242 0
8.02667 False 630 242 0
8.04348 False 630 242 0
8.059514 False 630 242 0
8.076606 False 635 246 0
8.09353 False 643 253 0
8.109532 False 654 266 0
8.126451 False 666 285 0
8.143291 False 675 304 0
8.160309 False 693 351 0
8.176281 False 711 366 0
8.193263 False 735 373 0
8.210208 False 759 374 0
8.227118 False 787 368 0
8.24312 False 824 348 0
8.260107 False 921 300 0
8.276984 False 992 260 0
8.293029 False 1062 220 0
8.309978 False 1131 195 0
8.326902 False 1166 189 0
8.343817 False 1183 189 0
8.359813 False 1194 192 0
8.376777 False 1203 194 0
8.393727 False 1212 200 0
8.410615 False 1221 205 0
8.426644 False 1233 211 0
8.443604 False 1243 213 0
8.460552 False 1247 214 0
8.477061 False 1251 215 0
8.493973 False 1254 215 0
8.509933 False 1256 215 0
8.526767 False 1256 215 0
8.543672 False 1256 215 0
8.560668 False 1256 215 0
8.576706 False 1256 215 0
8.593759 False 1256 215 0
8.632583 True 1256 215 0
8.645514 False 1256 215 0
8.660487 False 1256 215 0
8.677577 False 1256 215 0
8.693976 False 1256 215 0
8.710854 False 1256 215 0
8.726737 False 1256 215 0
8.74385 False 1256 217 0
8.760783 False 1257 228 0
8.777673 False 1258 248 0
8.79374 False 1260 277 0
8.810687 False 1260 289 0
8.827543 False 1260 295 0
8.843597 False 1260 304 0
8.860562 False 1264 324 0
8.877522 False 1278 365 0
8.894443 False 1296 425 0
8.910409 False 1318 501 0
8.927396 False 1344 601 0
8.944319 False 1365 657 0
8.96074 False 1371 660 0
8.977692 False 1373 660 0
8.993551 False 1373 660 0
9.010472 False 1373 660 0
9.027447 False 1373 660 0
9.044389 False 1373 660 0
9.061049 False 1376 646 0
9.078052 False 1386 623 0
9.093927 False 1388 618 0
9.110949 False 1389 613 0
9.127812 False 1387 600 0
9.144772 False 1380 580 0
9.160829 False 1375 563 0
9.177784 False 1374 558 0
9.194656 False 1374 557 0
9.210631 False 1373 557 0
9.227458 False 1373 557 0
9.244569 True 1373 557 0
9.261409 False 1373 557 0
9.277293 False 1373 557 0
9.294273 False 1373 557 0
9.311188 False 1373 557 0
9.327159 False 1373 557 0
9.344098 False 1373 557 0
9.361258 False 1373 557 0
9.378139 False 1373 557 0
9.394018 False 1373 557 0
9.410924 False 1373 557 0
9.427854 False 1373 557 0
9.445073 False 1373 557 0
9.460995 False 1370 565 0
9.477933 False 1358 587 0
9.494882 False 1337 598 0
9.510774 False 1320 600 0
9.527922 False 1303 592 0
9.544792 False 1288 567 0
9.561286 False 1286 543 0
9.578181 False 1291 491 0
9.595161 False 1308 429 0
9.611105 False 1323 370 0
9.627997 False 1331 339 0
9.644951 False 1334 330 0
9.661945 False 1334 329 0
9.67779 False 1334 329 0
9.694737 False 1334 329 0
9.711634 False 1334 329 0
9.727632 False 1334 329 0
9.744725 False 1336 331 0
9.761672 False 1342 339 0
9.778659 False 1354 350 0
9.794661 False 1357 352 0
9.811404 False 1357 352 0
9.828352 False 1357 352 0
9.84486 False 1357 352 0
9.861969 True 1357 353 0
9.877771 False 1357 353 0
9.894681 False 1357 353 0
9.911622 False 1357 353 0
9.928689 False 1357 353 0
9.944566 False 1357 353 0
9.961704 False 1357 353 0
9.97858 False 1357 353 0
9.995412 False 1357 353 0
10.0114 False 1357 353 0
10.02836 False 1357 353 0
10.04491 False 1357 353 0
10.06179 False 1357 353 0
10.07869 False 1357 353 0
10.09469 False 1357 353 0
10.11165 False 1357 353 0
10.12857 False 1357 353 0
10.14568 False 1338 372 0
10.16162 False 1297 421 0
10.17863 False 1245 516 0
10.19548 False 1186 615 0
10.21154 False 1111 714 0
10.22849 False 1034 790 0
10.24545 False 912 830 0
10.26235 False 846 840 0
10.27839 False 808 846 0
10.29529 False 780 846 0
10.31229 False 762 845 0
10.32923 False 755 845 0
10.34521 False 754 845 0
10.36206 False 754 845 0
10.37894 False 754 845 0
10.39597 False 755 847 0
10.41208 False 758 858 0
10.42894 False 763 871 0
10.44594 False 770 879 0
10.46182 False 780 887 0
10.47888 False 799 901 0
10.49571 False 811 914 0
10.51273 False 820 925 0
10.52859 False 823 929 0
10.54555 False 823 929 0
10.56252 False 823 929 0
10.61149 True 823 930 0
10.6243 False 823 930 0
10.63732 False 823 930 0
10.6511 False 823 930 0
10.66488 False 823 930 0
10.67875 False 823 930 0
10.69558 False 823 930 0
10.71257 False 823 930 0
10.72951 False 823 930 0
10.74545 False 823 930 0
10.76251 False 823 930 0
10.77937 False 823 930 0
10.79534 False 823 930 0
10.81235 False 823 930 0
10.82935 False 823 929 0
10.84634 False 825 924 0
10.86235 False 835 908 0
10.87924 False 859 875 0
10.89625 False 911 799 0
10.9132 False 965 698 0
10.92914 False 1006 578 0
10.9461 False 1042 418 0
10.96308 False 1066 342 0
10.97954 False 1092 303 0
10.99648 False 1107 284 0
11.0125 False 1114 274 0
11.02942 False 1120 262 0
11.04633 False 1127 248 0
11.06329 False 1128 244 0
11.07933 False 1130 241 0
11.09628 False 1133 230 0
11.1132 False 1139 213 0
11.1301 False 1147 196 0
11.1461 False 1150 183 0
11.16288 False 1151 176 0
11.17979 False 1149 166 0
11.19677 False 1147 158 0
11.21274 False 1146 150 0
11.22971 False 1144 146 0
11.24667 False 1144 145 0
11.26317 False 1143 145 0
11.27994 False 1143 145 0
11.29595 False 1143 145 0
11.31308 True 1143 145 0
11.32996 False 1143 144 0
11.34685 False 1142 144 0
11.36332 False 1142 143 0
11.37923 False 1142 143 0
11.39618 False 1142 143 0
11.41287 False 1142 143 0
11.42979 False 1142 143 0
11.44659 False 1142 143 0
11.46354 False 1142 143 0
11.47951 False 1142 143 0
11.49657 False 1142 143 0
11.51359 False 1141 152 0
11.53052 False 1141 196 0
11.54646 False 1140 231 0
11.56347 False 1133 272 0
11.58039 False 1113 294 0
11.59635 False 1094 299 0
11.61252 False 1081 299 0
11.63024 False 1059 290 0
11.64719 False 1023 263 0
11.66319 False 977 204 0
11.68015 False 951 157 0
11.69757 False 945 143 0
11.714 False 943 137 0
11.7301 False 942 136 0
11.74676 False 942 136 0
11.76365 False 942 136 0
11.77968 False 942 136 0
11.79668 False 942 136 0
11.81363 False 942 136 0
11.83057 False 942 136 0
11.84655 False 942 136 0
11.86363 False 942 135 0
11.88046 False 942 135 0
11.8974 False 942 135 0
11.91359 True 942 135 0
11.93033 False 942 135 0
11.94728 False 942 135 0
11.96334 False 942 135 0
11.98034 False 942 135 0
11.99723 False 942 135 0
12.01405 False 942 135 0
12.03005 False 942 135 0
12.04699 False 942 135 0
12.06395 False 942 135 0
12.08086 False 942 135 0
12.09688 False 942 135 0
12.11382 False 942 135 0
12.13076 False 942 135 0
12.14688 False 941 137 0
12.16381 False 930 157 0
12.18076 False 911 175 0
12.19771 False 879 196 0
12.21377 False 833 225 0
12.23068 False 751 283 0
12.24755 False 694 312 0
12.26456 False 633 341 0
12.28055 False 592 355 0
12.29744 False 573 357 0
12.31439 False 567 359 0
12.33088 False 566 359 0
12.34766 False 566 359 0
12.36479 False 566 360 0
12.38074 False 567 360 0
12.39772 False 568 360 0
12.41448 False 568 360 0
12.43061 False 569 360 0
12.44767 False 570 360 0
12.46448 False 571 360 0
12.48089 False 571 360 0
12.49785 False 571 360 0
12.514 True 571 360 0
12.53081 False 571 360 0
12.5477 False 571 360 0
12.56469 False 571 360 0
12.5817 False 571 360 0
12.5977 False 571 360 0
12.61448 False 571 360 0
12.63139 False 571 360 0
12.64737 False 571 360 0
12.66437 False 571 360 0
12.68143 False 572 361 0
12.69842 False 572 363 0
12.71436 False 572 365 0
12.73129 False 573 366 0
12.74827 False 574 369 0
12.76432 False 579 378 0
12.78121 False 584 391 0
12.79753 False 585 401 0
12.81459 False 585 406 0
12.83154 False 584 409 0
12.84746 False 582 412 0
12.86448 False 581 417 0
12.88139 False 580 420 0
12.89836 False 579 421 0
12.9142 False 579 421 0
12.93163 False 579 421 0
12.94805 False 579 421 0
12.96503 False 579 421 0
12.9816 False 579 421 0
12.9976 False 579 421 0
13.01457 False 579 421 0
13.03145 False 579 421 0
13.04837 False 579 421 0
13.06442 False 579 421 0
13.08128 False 579 419 0
13.09823 False 579 418 0
13.11512 False 579 415 0
13.13212 False 579 410 0
13.14865 False 579 407 0
13.16501 False 580 406 0
13.18161 False 580 405 0
13.19841 False 580 404 0
13.21538 False 580 403 0
13.23139 False 580 402 0
13.2483 False 580 400 0
13.26528 False 581 398 0
13.28221 False 582 396 0
13.2982 False 582 395 0
13.31514 False 582 394 0
13.3321 False 582 393 0
13.34808 False 581 392 0
13.36502 False 581 390 0
13.38191 False 580 385 0
13.39892 False 579 383 0
13.415 False 579 382 0
13.43176 False 579 381 0
13.44876 False 579 379 0
13.46573 False 580 377 0
13.48172 False 582 373 0
13.49867 False 586 369 0
13.51559 False 590 367 0
13.53156 False 594 365 0
13.54852 False 600 365 0
13.56546 False 606 365 0
13.58244 False 613 365 0
13.59837 False 619 365 0
13.61535 False 625 365 0
13.63228 False 630 367 0
13.64925 False 634 370 0
13.66517 False 637 374 0
13.68214 False 640 377 0
13.69908 False 641 378 0
13.71508 False 642 379 0
13.73206 False 644 381 0
13.749 False 646 383 0
13.76593 False 650 387 0
13.78193 False 656 393 0
13.79887 False 666 399 0
13.81585 False 683 405 0
13.83275 False 717 412 0
13.84874 False 748 419 0
13.86569 False 799 422 0
13.88263 False 853 422 0
13.89961 False 906 425 0
13.91557 False 956 434 0
13.93209 False 998 441 0
13.94895 False 1030 448 0
13.96586 False 1056 451 0
13.98283 False 1062 452 0
13.99876 False 1064 452 0
14.01563 False 1064 452 0
14.03259 False 1064 452 0
14.0495 False 1064 452 0
14.0655 False 1064 452 0
14.08245 False 1064 452 0
14.0994 False 1064 452 0
14.11538 False 1064 452 0
14.13275 False 1064 452 0
14.14873 False 1064 452 0
14.16577 False 1064 452 0
14.1827 False 1064 452 0
14.19969 False 1064 452 0
14.21563 False 1064 452 0
14.2326 False 1064 452 0
14.24951 False 1064 452 0
14.26549 False 1064 452 0
14.28252 False 1064 452 0
14.29942 False 1064 452 0
14.31636 False 1064 452 0
14.33235 False 1064 452 0
14.34934 False 1064 452 0
14.36623 False 1064 452 0
14.38322 False 1064 452 0
14.39917 False 1064 452 0
14.41612 False 1064 452 0
14.43299 False 1064 452 0
14.45 False 1064 452 0
14.46597 False 1064 452 0
14.48291 False 1064 452 0
14.49988 False 1064 452 0
14.51585 False 1064 452 0
14.53288 False 1064 452 0
14.54973 False 1064 452 0
14.56671 False 1064 452 0
14.58266 False 1064 452 0
14.59963 False 1064 452 0
14.61658 False 1064 452 0
14.63254 False 1064 452 0
14.64949 False 1064 452 0
14.66643 False 1064 452 0
14.68292 False 1064 452 0
14.69988 False 1064 452 0
14.71688 False 1064 452 0
14.73283 False 1064 452 0
14.74978 False 1064 452 0
14.7667 False 1064 452 0
14.78316 False 1064 452 0
14.80002 False 1064 452 0
14.81607 False 1064 452 0
14.83297 False 1064 452 0
14.85 False 1064 452 0
14.86685 False 1064 452 0
14.88335 False 1064 452 0
14.90032 False 1064 452 0
14.91627 False 1064 452 0
14.93249 False 1064 452 0
14.9502 False 1064 452 0
14.96712 False 1064 452 0
14.98368 False 1064 452 0
15.00073 False 1028 448 0
15.01667 False 996 444 0
15.03367 False 946 443 0
15.05059 False 887 438 0
15.06654 False 827 438 0
15.08352 False 792 438 0
15.10048 False 770 436 0
15.11739 False 743 433 0
15.13337 False 727 432 0
15.15031 False 712 432 0
15.16759 False 702 431 0
15.18321 False 697 431 0
15.20071 False 694 431 0
15.21717 False 688 431 0
15.23408 False 671 432 0
15.25008 False 664 432 0
15.26703 False 658 430 0
15.28356 False 654 427 0
15.30088 False 649 421 0
15.31695 False 641 410 0
15.33411 False 630 390 0
15.35083 False 625 384 0
15.36675 False 621 380 0
15.3837 False 612 376 0
15.40062 False 598 371 0
15.41757 False 583 368 0
15.43348 False 573 367 0
15.45056 False 570 366 0
15.46735 False 570 366 0
15.48428 False 570 366 0
15.50093 True 570 366 0
15.51772 False 570 366 0
15.53364 False 570 366 0
15.55063 False 570 366 0
15.56752 False 570 366 0
15.58354 False 570 366 0
15.60053 False 570 366 0
15.61739 False 570 366 0
15.63456 False 570 366 0
15.65051 False 570 366 0
15.66729 False 570 366 0
15.68425 False 570 366 0
15.7002 False 570 366 0
15.71719 False 570 366 0
15.73413 False 570 366 0
15.75103 False 570 366 0
15.76706 False 570 366 0
15.78404 False 570 366 0
15.80111 False 572 361 0
15.81815 False 595 334 0
15.83403 False 608 320 0
15.85095 False 616 310 0
15.86794 False 624 298 0
15.88391 False 631 287 0
15.90086 False 638 280 0
15.9178 False 639 279 0
15.93459 False 639 279 0
15.95059 False 639 279 0
15.96747 False 639 279 0
15.98462 False 640 278 0
16.00159 False 643 275 0
16.01758 False 644 273 0
16.03461 True 644 272 0
16.05134 False 644 272 0
16.06821 False 644 272 0
16.08422 False 644 272 0
16.10124 False 644 272 0
16.11808 False 644 272 0
16.13521 False 644 272 0
16.15113 False 644 272 0
16.168 False 644 272 0
16.18495 False 644 272 0
16.20112 False 646 270 0
16.21803 False 648 268 0
16.23503 False 649 265 0
16.25206 False 656 257 0
16.26793 False 658 255 0
16.28485 False 664 250 0
16.30124 False 668 249 0
16.31825 False 675 254 0
16.33522 False 710 286 0
16.35126 False 759 338 0
16.3682 False 806 416 0
16.38513 False 849 513 0
16.4011 False 888 619 0
16.41805 False 962 770 0
16.43497 False 1008 812 0
16.45193 False 1035 829 0
16.46786 False 1056 841 0
16.48481 False 1070 849 0
16.50176 False 1076 855 0
16.51873 False 1084 858 0
16.53468 False 1088 859 0
16.55162 False 1093 861 0
16.56862 False 1102 865 0
16.58552 False 1110 871 0
16.60161 False 1112 875 0
16.61843 False 1114 880 0
16.63544 False 1115 891 0
16.65139 False 1116 905 0
16.66834 False 1116 916 0
16.68525 False 1115 919 0
16.70219 False 1115 921 0
16.71805 False 1115 921 0
16.73518 True 1115 921 0
16.75201 False 1115 921 0
16.769 False 1115 921 0
16.78496 False 1115 921 0
16.80186 False 1115 921 0
16.81898 False 1115 921 0
16.83543 False 1115 921 0
16.85223 False 1115 921 0
16.86813 False 1115 921 0
16.88508 False 1115 921 0
16.90203 False 1115 921 0
16.91912 False 1110 922 0
16.93508 False 1102 923 0
16.95204 False 1092 923 0
16.96895 False 1078 922 0
16.98583 False 1041 921 0
17.00187 False 1026 922 0
17.01892 False 944 927 0
17.0358 False 902 929 0
17.05177 False 851 932 0
17.06886 False 801 943 0
17.08566 False 770 948 0
17.10253 False 740 952 0
17.11868 False 733 952 0
17.13563 False 731 953 0
17.15259 False 730 953 0
17.16839 False 730 953 0
17.18537 False 730 953 0
17.2023 False 730 953 0
17.21922 False 730 953 0
17.23527 False 730 953 0
17.2524 False 730 953 0
17.26913 False 730 953 0
17.28604 False 730 953 0
17.30204 False 730 953 0
17.31903 False 730 953 0
17.33548 False 730 953 0
17.35261 False 730 953 0
17.36949 False 730 953 0
17.38534 False 730 953 0
17.40241 False 733 953 0
17.41934 False 749 953 0
17.43627 False 771 951 0
17.45226 False 777 950 0
17.46926 False 779 949 0
17.48618 False 780 949 0
17.50309 False 780 949 0
17.51906 False 781 948 0
